data/xf_ws/xf_ws.slope
ncols         177
nrows         146
xllcorner     799600.00012
yllcorner     2647174.38755
cellsize      200
NODATA_value  -9999
[rows 0 to 27 of 146, columns 63 to 125 of 177]
9.861115 7.07725 10.39521 5.302305 18.41577 12.96643 9.090549 8.86036 5.91627 0.6894168 2.695365 6.233112 10.26927 10.14986 12.05769 9.313349 5.733812 7.466426 6.844244 4.248901 3.34208 9.641518 11.59539 12.04195 9.507342 11.53345 8.821584 11.8243 8.66176 12.53333 12.37418 9.437914 11.71528 14.28477 13.8413 7.328259 9.791864 6.211202 12.41052 6.541152 13.39522 14.69625 6.203067 5.198209 5.77865 5.26222 2.83233 0.824348 4.226069 5.01294 1.683311 1.972029 4.0248 8.892816 10.16584 14.93665 16.426 10.94648 13.27373 14.64793 13.62316 16.02275 11.05828
14.03464 18.41431 17.04023 15.01286 25.2515 8.743908 13.93488 12.04325 6.018167 3.156604 2.812131 12.30496 15.76155 13.84755 9.403125 6.411907 12.1847 14.60578 12.53592 11.97804 9.544184 16.75443 17.59369 15.67659 15.82661 17.26605 17.10708 19.50343 20.41104 17.91023 17.59003 18.71399 20.07031 21.03933 22.70184 19.36261 19.46987 20.54668 19.64914 13.02077 19.79469 16.37681 7.977446 6.059921 10.22899 5.825738 2.997181 2.738712 5.700169 6.21969 0.9685518 3.523006 6.351628 14.87958 19.70684 22.35082 24.50693 17.89436 18.55445 19.75047 25.33806 24.1633 15.20134
18.2764 12.59418 6.949288 19.83691 23.57268 1.562991 14.9905 11.8763 11.49489 7.235732 4.249315 15.25713 15.62623 10.1432 6.081563 11.75226 17.17864 16.8054 16.88766 18.21314 19.30149 23.36309 20.03822 17.75279 19.88722 19.48792 15.85894 19.23714 19.58892 17.54351 13.87952 15.13998 12.29702 11.65967 18.7755 16.77548 21.20102 24.17646 19.93649 18.75548 20.37608 13.99142 3.327917 8.460508 10.07631 2.734751 2.834144 3.206777 7.387415 6.930162 2.129488 6.095454 10.76388 17.29708 19.15912 19.3381 16.34537 3.608294 6.387669 10.89705 22.67158 23.11325 19.71864
13.98237 7.432768 20.37544 22.21422 14.29013 10.37595 20.25213 12.67603 8.908578 9.337238 11.1609 11.1887 11.34195 11.10143 9.662493 18.18795 17.80728 15.16585 15.5142 17.3458 17.00916 17.10018 15.98612 22.09597 27.06377 25.24983 20.75772 21.04136 18.02707 15.53863 8.848842 10.21828 11.04217 10.69249 20.26878 23.47513 17.77572 14.20792 20.04136 20.18911 20.55317 17.19159 11.02901 8.138691 1.89685 5.372501 5.837086 4.645079 8.173363 7.341601 4.199632 9.727517 13.77431 14.99923 14.52712 16.99831 8.950836 7.421119 13.73981 16.75389 15.21429 13.88814 18.78299
10.17804 18.48892 19.33112 11.13597 7.655321 15.68502 19.21952 5.746156 9.170775 10.08178 14.7486 18.24802 21.65408 23.40561 24.6077 25.18803 18.78488 16.40881 16.68945 16.33307 9.507342 7.991217 15.24361 24.32444 29.2581 29.38931 27.71504 23.21014 14.11661 11.47686 12.83179 18.83438 20.44581 20.6822 26.32335 31.29807 13.17426 21.29108 21.7284 19.92012 21.40474 18.02371 7.66137 11.71529 14.63639 11.79754 7.276996 5.952198 8.469389 7.266069 9.396275 14.00005 16.87638 14.74478 13.6208 12.61239 5.944123 16.67218 18.44581 19.97624 15.95779 9.13883 14.30967
14.89908 22.893 19.40948 6.354805 11.00875 15.23765 14.46488 5.348958 8.508116 19.72085 27.09636 25.98497 23.24155 25.93491 28.88116 24.76927 19.97162 19.7866 18.41716 16.55315 10.21096 10.40229 20.10032 26.53243 31.61452 25.85249 18.16779 10.93187 6.282945 10.37696 21.08024 25.67565 23.65392 21.88343 24.70215 23.44736 7.438838 25.6629 21.91492 20.11429 20.7075 12.05809 11.50308 17.15642 16.01295 13.34594 9.084273 6.343878 8.507676 9.02703 10.44947 13.76802 14.67995 9.012589 6.024583 5.129179 16.67383 20.97004 20.55866 23.40669 18.26002 12.60534 6.989695
18.46723 24.97847 17.01885 4.700296 13.47923 16.93926 15.56441 14.53974 17.66661 21.63873 19.21838 17.92076 12.23078 11.60522 17.07161 16.54069 14.44331 11.63405 11.10209 19.90751 7.856185 20.51292 26.3163 27.12275 31.19875 18.00727 5.225239 1.404086 9.397077 19.62404 22.78897 19.58791 17.66693 14.27073 16.50345 9.45166 21.09645 27.26059 22.04842 19.33015 16.13366 6.564229 14.78885 14.62836 13.90152 17.09984 13.66913 7.732925 9.845729 9.593756 8.771156 10.75478 7.619413 8.154408 14.20792 18.7972 21.99511 18.28355 19.46267 20.40797 12.14542 13.212 11.15828
19.93093 22.04045 10.82154 11.44547 15.17008 16.22736 15.79859 18.81016 21.70706 16.14287 11.78315 15.70569 11.32182 9.376381 7.249101 4.083867 7.44625 8.705437 12.6509 18.22817 6.519537 25.05609 25.05833 22.22544 23.07061 11.18227 6.001004 9.081691 18.48684 22.78041 20.54626 17.92145 16.92897 14.69122 11.30347 3.353138 21.86735 22.24106 18.47139 16.15178 6.032129 12.89142 18.09858 17.46612 13.98761 18.72939 14.42186 9.107718 12.09401 12.05409 7.244037 5.027983 4.196139 10.62254 15.25125 20.38561 21.02919 16.5817 18.47585 13.04004 10.19879 8.608171 16.94679
17.62092 15.10478 6.556546 16.95882 20.34114 20.58657 20.64188 20.49575 19.6453 13.08298 13.25718 12.65498 12.62391 9.337638 2.862906 14.52971 17.10629 16.85958 14.70639 9.477163 10.99744 23.9946 20.85473 15.39863 13.81455 8.604123 6.701526 16.26891 18.35665 18.77431 12.49874 11.07151 12.31122 12.53131 8.237224 13.2488 20.62225 22.51497 19.44655 9.204757 9.188053 19.25406 18.08874 13.3235 11.40301 18.44164 12.48266 11.29065 10.77807 11.99942 4.877248 3.784921 9.723604 14.55824 13.69204 14.91721 16.26983 15.76456 17.59208 9.910472 12.52978 9.135982 15.04745
8.5676 10.61504 12.27357 20.02023 25.019 27.55696 29.66808 27.08474 20.34491 18.23951 17.10283 18.24575 20.59686 17.77433 15.64136 14.02486 11.88527 11.10079 8.118331 4.019923 18.46181 24.96816 20.30942 12.03512 8.862041 11.79302 16.39762 18.7755 16.12095 10.86977 10.2646 13.65243 15.98699 12.95581 12.41983 18.85958 20.03026 21.88785 12.6182 12.72291 20.28573 22.12259 18.91294 14.64128 17.76122 19.98059 17.17176 10.30186 6.611657 12.55978 8.677826 8.554662 12.72583 15.76559 14.32967 16.21835 18.77904 16.29835 14.57397 9.739958 12.86611 10.9741 10.66341
13.37894 19.62371 17.73058 19.29375 26.15208 27.73169 27.54043 20.37263 20.20567 18.48043 22.07133 22.78789 18.88719 16.66395 17.71228 17.04904 20.53997 22.59023 17.94402 14.53558 24.897 26.49169 17.83151 8.847876 9.370706 15.91227 16.37913 15.39901 8.382604 7.164568 16.15627 21.33803 24.59995 24.8075 19.72478 15.21246 17.47337 16.02332 13.39416 21.47628 23.26718 24.65739 21.43697 19.03316 22.75307 22.53868 18.27072 14.66932 16.72823 15.12972 11.17181 12.89978 15.28528 17.51606 17.73515 19.6013 18.01468 11.75803 7.964748 6.374623 6.11842 6.015978 7.562713
11.03343 10.55138 13.78352 21.01884 27.97658 25.34335 15.56746 6.338506 15.41026 13.62142 16.22055 15.94418 14.02714 13.25925 11.87742 7.657937 8.202469 17.6735 14.64192 19.20463 23.26806 17.08022 6.675357 6.04531 12.35314 14.39652 13.9639 12.27347 5.506761 7.608063 13.18694 13.62874 15.42896 15.61969 11.18489 8.479529 12.00919 10.50003 18.75926 18.65698 21.29866 26.45932 22.93895 19.28332 20.54516 19.40546 16.12145 20.30559 23.81754 13.41016 11.83241 17.70046 17.37616 16.95855 9.204353 5.462416 8.85405 5.064451 1.57035 7.000477 4.342234 3.127336 3.745301
10.63809 6.778662 12.22464 24.76799 24.96978 18.39548 11.50773 8.33115 14.50995 12.61201 10.17333 15.96936 16.55232 12.54905 9.613815 5.066455 6.112844 15.4813 17.30101 18.30161 11.73585 6.349642 8.123121 14.04071 17.09452 15.70628 11.05387 6.667051 5.760231 10.61608 15.48385 10.82019 9.878719 11.90917 5.940294 10.95629 6.517411 9.981918 16.7326 16.104 19.93409 20.12851 6.736939 8.71386 17.14291 22.2121 21.3132 26.63915 26.91228 15.98085 16.21413 14.9473 8.445194 6.3671 11.23607 16.0648 17.3799 10.86167 2.919433 5.353458 7.64812 4.333139 2.333227
12.71744 12.50961 13.8245 21.20328 18.97798 15.13497 10.03983 4.022267 6.154639 7.925738 12.60791 16.11523 14.97762 11.85427 9.697046 3.187204 3.577048 8.753001 8.686993 2.935148 2.705365 6.858383 14.70527 18.03651 17.25318 10.07946 0.8102307 4.904511 8.255223 11.99125 14.97544 8.677826 10.24459 13.50014 8.053345 13.90995 10.74022 15.63305 13.46271 9.778632 10.50038 10.92839 18.49054 19.9548 20.63438 29.52747 31.80686 29.53961 21.23429 11.22566 8.768852 8.469004 8.752302 11.73678 19.78461 17.22264 21.74981 14.446 8.763785 3.357323 3.460287 7.957371 6.872991
15.11714 14.24549 9.632165 16.00978 18.21204 10.80888 10.48332 17.56898 18.75873 14.87312 13.81601 15.72389 12.25499 9.787456 9.112616 4.049727 1.934323 4.430704 7.654503 7.766994 5.755836 15.60907 17.33012 14.49762 12.23894 6.15792 7.454495 7.149126 8.212957 12.34055 13.68554 6.316175 10.04902 12.38031 14.01752 10.13459 12.07372 15.00235 15.96329 12.31465 7.170701 16.09627 22.08422 21.81395 23.58264 32.28626 29.98355 13.76914 9.649069 17.55998 19.86094 16.26806 12.84299 15.4629 17.45421 14.28254 23.33477 14.31115 8.552042 6.948564 3.683153 4.602098 6.666521
11.73089 6.317573 5.821612 12.00586 14.38507 12.5173 19.72528 22.1536 22.26004 21.45114 17.61343 17.67911 14.04585 11.74452 9.435162 6.205508 7.366333 11.63415 11.79137 4.867082 15.33571 18.95468 12.88937 6.005046 10.7766 11.31477 12.12004 12.06461 13.51406 14.90882 11.9074 4.613333 7.643535 10.5791 10.78544 7.237796 12.81665 10.82245 13.90408 14.30036 15.0341 19.70153 19.234 18.26729 19.43979 23.1026 18.77909 13.84712 17.41399 16.63847 16.5357 16.03994 13.5487 9.587059 4.348092 15.9436 23.70392 15.80269 9.95054 5.683973 3.777604 2.768425 2.536806
9.126887 3.677616 7.26359 10.36092 5.011041 8.598916 12.82198 11.8763 10.43478 12.84822 14.57462 14.11435 13.79539 12.25755 11.04239 9.79073 9.481827 11.05417 5.220572 15.228 21.76804 15.78437 3.903625 7.476995 12.07091 11.65207 10.98777 10.79881 11.50371 10.41347 5.410443 4.808684 5.336621 11.01229 9.58358 13.7253 8.842258 14.25071 20.75074 25.51997 23.005 13.50428 6.173689 5.541839 11.39405 18.09765 16.63537 10.62058 7.519284 7.909161 10.47478 10.18686 9.363706 6.067213 9.277658 20.21675 23.7878 14.7374 5.362566 2.472591 6.914475 8.1341 5.805743
6.748701 5.448482 8.838043 6.877432 4.858986 8.170767 8.630687 8.958957 6.4561 4.831539 5.353458 7.902995 10.81341 7.212603 4.671002 3.123658 5.159756 7.498068 4.121799 21.35674 20.39296 6.574011 5.654468 7.553036 5.706381 5.914274 6.878164 6.271868 7.025927 4.445969 1.708491 4.120008 7.532604 6.44173 10.03775 16.13735 18.92772 18.83843 16.85847 14.02714 12.32766 8.964137 14.43744 20.86115 23.08715 23.48952 16.92359 11.74752 11.35845 12.43117 9.815383 7.828118 10.12585 14.88139 13.63632 18.31423 18.88134 8.591059 2.419509 7.258273 5.340035 4.452185 4.576145
1.390331 5.819874 9.05118 7.902995 9.531877 10.9971 10.63579 10.18834 4.803774 2.278231 3.452903 7.182774 7.167372 5.188196 4.771133 4.894403 7.975674 4.618615 9.601835 21.70688 16.55315 4.152213 9.947198 7.420016 5.741335 4.549341 7.695771 9.792746 7.9558 3.054602 4.420642 10.61227 10.80922 6.878895 7.391489 7.260306 3.194808 6.750654 11.92836 15.56113 20.73338 19.75329 19.22084 17.75342 17.83498 22.95759 19.1311 17.38746 17.51181 18.28501 12.45593 8.364745 14.94863 21.28595 16.08775 13.44386 13.58865 6.020044 6.116735 4.571052 1.232002 2.075446 5.257158
8.158079 12.10938 14.04787 15.60677 17.26165 19.32248 18.2297 13.8938 10.94259 8.426801 7.136466 9.021256 5.89629 3.140378 2.119992 5.489252 10.8968 1.588454 11.6075 19.07132 13.35843 5.186484 6.647501 3.995056 5.302046 3.594196 8.119432 7.426017 6.229263 6.14581 14.65779 14.85493 10.45979 6.445643 8.35923 14.07709 15.65681 18.48174 21.28475 20.61975 21.78259 22.72436 19.23159 12.48651 16.18134 19.17165 18.25959 14.95387 16.13916 18.86586 16.67794 13.1253 16.07592 22.23731 12.32805 7.720291 11.8513 12.10928 8.075644 1.916367 1.13226 6.497849 7.054132
13.36824 12.97123 12.40674 9.413904 0.7528159 11.14035 15.47634 18.67957 17.14761 14.81924 13.64851 12.43039 8.839027 9.791864 9.125801 11.6381 12.48288 4.632051 14.07763 14.47423 8.853629 3.720708 2.975806 4.879944 1.991065 5.455654 13.21886 12.07181 13.30514 16.30201 15.83428 5.149913 9.002122 9.878096 14.04846 14.70974 9.030327 9.213769 12.25282 11.6528 15.06701 16.4924 5.826607 7.817565 11.91191 14.99923 15.50229 15.9963 19.23829 22.0918 24.56183 19.36607 16.64857 23.74694 16.38235 12.64368 15.08792 13.06478 9.04268 7.657937 9.722589 12.69146 11.66456
5.370949 4.597212 3.365298 5.317585 14.4826 12.82198 4.138389 5.667213 9.395755 14.43833 14.49892 15.98005 14.93986 10.37323 12.42313 13.38131 7.549905 11.02959 15.75869 9.789346 4.217626 5.466357 6.864067 9.536801 8.82102 11.34195 18.38427 16.30878 18.2441 17.92283 8.237224 11.73668 14.64962 11.10868 7.146491 10.92392 9.911963 7.809401 11.7849 15.41885 18.37608 18.0815 8.203838 2.55914 8.200796 11.84855 13.09038 16.78337 19.31174 20.09369 27.09473 20.50914 14.83623 19.12857 12.88342 14.00689 13.11956 9.766643 7.521117 12.36542 14.37343 13.36824 9.70773
1.191818 5.102394 9.525003 12.93695 14.84925 13.80433 19.68307 19.29415 12.40946 15.27637 17.92546 16.62684 14.05384 6.597924 3.540791 6.111031 3.075616 12.88029 13.74871 8.371 6.042174 8.706437 13.91174 19.21477 19.00826 17.57212 19.76758 14.39526 11.46103 7.864441 16.62464 15.93056 9.028954 4.142387 4.503315 9.881713 9.125801 4.206921 7.881476 13.43939 18.68527 23.44748 18.25708 16.37913 15.18668 13.5064 11.69788 12.13119 18.32276 21.76906 26.9841 21.01422 15.78335 12.16984 12.27151 12.90906 19.12857 6.629161 7.96914 11.31606 12.26561 6.137586 10.44042
5.381086 7.582997 10.90881 16.20998 18.53358 17.85551 17.84538 17.99681 15.27484 14.00292 17.24726 12.71253 10.32947 7.309402 5.861959 4.520295 7.809299 12.04574 10.24016 5.684383 8.485842 13.15185 16.98639 19.21259 18.3118 18.74223 15.25434 4.818649 3.407512 10.58419 18.30015 14.37425 5.315438 3.371361 5.803115 8.783191 8.32651 3.552642 3.476475 9.240075 18.54114 30.6041 23.5009 11.71559 16.00034 15.36331 12.87756 11.26161 25.0351 29.63375 20.85653 16.49247 17.44883 19.05818 16.10622 16.87232 22.70512 5.292732 10.22563 9.754005 6.85196 10.3347 16.19812
9.829566 11.41793 10.79802 16.35436 19.53506 18.77237 15.31413 14.10757 11.89992 7.488051 13.302 11.80626 9.941744 5.435211 7.0557 5.342347 10.42512 12.70951 5.958777 5.748798 13.49591 16.95486 18.57098 17.49147 11.35328 7.835949 2.274914 11.77094 17.69126 18.89239 16.59274 11.36017 5.74087 6.317373 6.418983 5.332582 8.614673 7.254336 7.52045 12.61619 21.27771 28.29095 22.81015 7.402339 9.839092 15.2179 14.73547 15.80818 31.57001 31.21486 12.96246 15.34178 25.15104 26.75549 20.91694 25.45356 19.83104 9.645614 10.37453 8.664632 9.129467 19.8939 7.405727
20.14685 21.83504 19.92558 20.37883 21.03852 17.64496 12.72168 12.24514 7.763933 2.659607 10.70244 11.50107 10.02806 5.959626 7.009025 2.520566 12.25051 11.83443 1.147998 9.369913 14.99487 13.71664 13.10206 11.52346 5.636755 12.42807 18.29903 24.27754 28.85775 31.0277 26.1995 15.68406 8.954579 7.860959 6.528231 5.77164 9.496546 9.790353 10.00397 13.53095 20.079 22.35766 17.70248 15.06724 6.860767 11.06391 11.96541 19.73075 33.83481 31.43757 17.46897 14.87643 13.97034 15.84209 21.86519 28.39188 18.48356 14.84199 11.42006 7.149126 18.3612 17.68784 8.12558
24.89507 22.56217 20.37083 17.58297 15.55814 11.17497 9.511111 18.34984 8.275743 8.493908 10.78896 9.442629 8.357441 11.60899 8.068184 6.763728 12.92649 10.05404 3.998123 16.61583 15.70296 11.15478 10.30656 4.534528 15.34881 22.32537 22.49796 25.62501 28.15283 22.26987 18.63882 13.86491 13.85328 11.93231 6.83118 4.505009 6.466149 11.2262 13.61958 12.85372 18.5581 17.96049 11.11493 17.62745 13.79746 9.202603 14.1447 23.83119 31.80916 31.44437 21.71109 10.08337 3.783237 10.34978 22.00121 21.25954 15.28917 16.63902 11.87814 7.655321 21.6377 9.228007 11.01307
19.42896 12.38255 9.631908 10.35333 8.149355 8.904535 6.349642 21.0264 14.31675 14.33461 12.53026 10.63728 7.629925 15.05165 4.14208 14.42838 11.42315 4.573921 12.70176 23.10824 16.88107 11.54014 5.419631 6.245122 20.23248 24.33513 18.48488 19.16906 18.9892 3.158627 8.608893 10.39438 12.15793 9.652651 7.391489 4.74657 5.623489 13.79152 17.34521 11.68492 15.77513 16.09591 12.48217 19.18852 15.56568 9.241955 4.862905 22.09213 26.09855 24.05016 19.51084 12.3737 8.426928 11.93485 19.9051 10.84693 10.10639 12.40819 11.55932 18.03316 16.30511 3.826125 9.976366
