data/xf_ws/xf_ws.demraw
ncols         177
nrows         146
xllcorner     799600.00012
yllcorner     2647174.38755
cellsize      200
NODATA_value  -9999
[rows 82 to 122 of 146, columns 0 to 91 of 177]
270 258 258 266 286 309 346 369 304 308 254.08 254.08 265 314 391 485 549 613 713 751 791 842 831 886 976 1019 891 788 740 699 676 613 603 617 624 620 700 730 763 763 808 831 817 843 854 774 780 747 703 672 632 602 531 536 511 494 443 397 348 340 332 331 301 323 395 414 370 272 273 272 235.01 255 297 423 397 382 410 384 319 275 249 281 261 301 286 262 256 225 217 248 268 266
255 277 249 331 342 363 345 293 272 268 254.07 261 315 379 435 530 628 654 735 770 784 805 841 901 1007 1030 902 841 762 746 711 665 651 657 675 646 693 721 771 762 770 729 731 760 778 735 766 786 722 691 639 598 607 558 583 557 520 518 432 416 439 406 384 289 275 346 273 311 365 309 235 248 297 327 294 290 290 268 249 246 239 223 260 287 290 274 256 232 207 239 247 282
260 260 248 330 364 350 319 291 270 254.06 254.06 269 328 358 393 464 642 690 716 775 827 878 893 899 1004 1030 996 866 834 832 776 718 702 682 733 697 738 760 786 748 735 681 676 693 728 714 826 761 727 695 652 646 630 611 667 629 603 559 473 416.01 422 402 394 372 308 273.01 273.01 351 342 280 217 235 238 285 244 258 231 232 251 231 220 216 256 294 292 253 222 240 201.05 252 213 237
272 240 291 289 332 297 276 275 266 254.05 254.06 300 317 376 434 498 639 668 727 768 805 906 942 952 1025 1064 1034 940 957 924 864 793 772 743 738 740 772 790 768 769 716 675 645 651 667 718 780 790 732 698 671 658 647 673 688 670 637 564 432 464 489 428 360 350 336 302 273.02 362 340 272 228 213.01 213 213 220 233 213 228 233 243 209 231 232 283 264 252 238 213 201.04 228 221 212
237 281 287 268 311 285 254.03 256 254.04 254.05 275 321 352 410 472 548 674 682 713 738 789 855 929 974 1072 1094 1072 1005 979 907 846 804 794 796 714 752 800 794 801 781 746 712 681 635 687 746 778 763 719 706 730 717 701 691 643 607 589 505 469 512 515 449 426 432 437 364 316 416 354 318 290 230 217 203 212 207 208 211 247 252 200.01 225 214 230 241 224.01 224 220 201.03 222 201.03 214
232 252 260 292 305 271 254.02 254.03 254.04 254.05 299 354 424 476 536 609 663 704 728 751 761 812 880 927 971 1006 984 964 943 825 766 741 762 746 701 710 758 752 742 747 754 676 644 614 704 672 690 769 766 765 775 744 703 683 635 574 576 546 494 495 490 531 480 499 473 399 425 436 357 332 302 266 211 202 202 202 203 201 208 212 200 216 207 208 239 255 237 204 201.02 210 201.02 204
277 262 257 263 274 254.01 254.02 254.03 254.04 277 324 398 465 518 577 635 699 690 675 676 714 749 773 858 884 902 855 866 871 794 722 676 695 710 662 659 652 660 659 662 647 647 657 599 599 625 669 640 663 674 662 617 672 616 637 546 532 510 522 507 523 547 523 517 446 456 483 374 314 258 235 223 212 203 200.01 200 200 198 195 194 193 194 195 200 204 221 246 217 201.02 201.01 210 246
232 216 218 221 254 254.01 254.02 257 302 308 326 406 472 564 634 652 613 610 626 648 686 757 808 833 850 862 824 803 803 793 779 646 697 674 610 595 610 618 605 606 588 607 599 576 562 584 589 596 608 609 612 593 604 565 572 536 510 507.02 507.01 528 519 546 551 528 505 485 446 291 251 232 218 212.01 216 215 211 201 198.01 201 196 197 194 191 189 188 189 194 210 210 218 211 201 212
222 212.01 236 235 258 254.01 254.02 259 287 308 358 444 495 580 611 627 574 635 675 671 717 809 852 866 885 859 819 798 791 751 719 628 639 638 599 576 630 631 598 569 568 591 578 560 545 547 564 569 597 582 584 578 571 539 515 507.04 507.03 507.02 535 547 539 555 559 522 512 442 404 274 232.01 235 227 239 274 265 262 234 209 211 238 234 200 197 192 189 187 188 190 228 210 189 188 192
212 214 240 256 270 273 254.02 254.03 272 282 350 479 528 550 540 564 616 648 638 647 691 750 804 882 915 903 846 847 850 805 720 626 580 583 587 553 589 591 588 555 553 591 566 552 538.02 556 564 565 560 557 576 583 598 549 513 507.04 507.03 523 524 549 554 567 550 541 489 449 378 290 257 270 262 291 301 314 279 264 246 243 301 269 230 200 193 192 194 186 190 191 184 185 184 188
216 238 246 269 277 313 304 254.03 255 292 325 412 507 535 536 595 615 598 605 641 663 751 832 928 985 973 882 896 805 745 661 615 580 546 567 540 613 590 584 562 547 556 560 557 538.01 538.02 566 548 555 580 580 592 573 547 527 515 517 546 545 546 572 574 574 476 464 422 411 387 288 294 339 371 372 359 382 322 301 322 312 252 248 199 194 191.01 191 188 185 183.05 183.04 183.03 183.02 183.01
220 231 249 243.01 258 298 360 301 304 299 353 352 466 502 524 484 515 564 626 651 693 785 858 910 996 1011 965 891 791 733 670 601 574 566 538.04 538.04 570 587 566 557 542 552 558 538 561 539 543 554 581 570 608 580 581 576 561 559 574 561 567 569 601 559 474 431 393 391 379 357 371 384 422 438 422 373 393 338 318 276 246 214 203 195 191.02 191.01 194 193 189 187 187 188 190 189
257 262 243 269 256 303 348 343 322 335 384 362 440 430 445 475 582 646 628 662 725 777 808 851 955 1050 966 908 843 799 696 583 569 560 539 538.03 538.03 577 571 555 527 560 548 519 538 544 548 581 570 558 573 577 613 603 600 600 559 553 525 510 502 463 399 393.01 425 480 443 392 382 371.01 405 435 429 389 340 290 270 233 214 203.01 209 208 203 193 198 196 200 194 190 200 191 222
272 254 260 272 267 318 373 376 329 346 402 364 384 425 481 564 681 698 660 671 700 764 838 886 971 1016 894 836 793 767 699 580 576 582 570 538.02 542 563 557 544 525 533 548 521 517.02 557 562 571 552 551 552 574 627 642 636 639 536 535 493 461.02 461.01 461 430 422 458 524 459 442 423 410 424 431 392 338 275 234 231 216 212 238 228 209 202 197 210 209 232 229 228 222 201 228
268 271 301 305 294 313 378 400 337 381 432 414 443 472 542 626 647 707 727 756 766 825 874 932 998 934 841 775 759 747 721 598 556 563 558 538.02 538.01 543 550 549 521 536 553 517.01 517.02 517.03 528 537 538 555 554 575 597 621 648 593 514 479 461.03 485 557 570 496 444 529 536 496 469 472 433 443 474 380 293 245 230 223 234 255 273 229 224 209 207 223 251 228 226.01 226 269 237 241
240 283 313 317 332 338 345 398 393 387 470 454 479 448 498 572 649 715 731 827 857 831 889 957 959 908 801 765 719 695 704 638 582 538.04 538.03 554 553 538 544 549 514.01 540 517 529 520 518 543 560 566 597 566 578 610 609 589 582 539 510 523 539 598 602 507 487 554 511 538 504 443 436 458 444 351 285 264 293 295 290 295 318 250 233 211 232 255 273 262 274 237 273 292 304
253 252 267 283 278 303 346 400 408 426 433 488 515 530 587 582 669 750 806 842 929 984 968 899 875 803 784 758 723 688 632 615 584 583 570 555 510.13 539 541 526 545 514 523 534 548 546 525 539 547 581 579 610 619 653 651 652 614 538 579 599 618 567 510 548 586 592 560 537 519 474 446 408 376 324 307 371 387 392 389 344 300 245 224 228 259 259 295 345 282 339 381 409
256 277 262 263 270 316 350 385 380 374.01 430 467 535 594 596 646 693 717 779 815 919 971 915 845 803 781 758 741 724 674 620 588 595 564 540 547 542 510.12 510.11 529 528 510.1 510.1 510.1 567 571 544 554 560 605 595 634 636 626 640 631 601 555 571 583 621 582 536 521 569 583 582 572 519 474 364 357.01 357 389 363 441 414 407 423 376 312 253 244 235 281 296 315 361 359 380 448 440
243 251 287 295 301 332 335 334 374 393 428 451 503 573 627 674 773 789 800 828 892 886 846 820 810 792 782 686 662 652 609 583 568 583 534 535 541 523 512 510.1 510.09 510.09 510.09 512 534 569 552 590 586 611 622 612 651 643 650 673 654 600 608 602 639 604 537 538 584 545 508 474 434 420 369 428 446 414 374 454 448 455 452 417 376 325 309 235.01 245 264 271 305 458 441 444 461
261 260 257 266 289 302 309 325 389 440 507 510 483 511 623 690 772 849 854 864 950 873 831 804 797 770 761 727 659 619 637 627 582 556 555 525 523.01 542 534 515 517 510.08 510.08 523 537 565 552.01 582 582.01 611 624 641 659 693 667 694 706 657 667 600 581 588 557 565 592 531 462 440 439 426 385 438 494 443 443 453 486 507 476 437 414 374 294 253 271 262 299 337 435 450 475 507
309 311 274 292 322 374 354 341 401 459 502 534 565 589 567 671 820 886 902 921 955 836 782 760 735 735 742 689 640 657 609 586 577 536 530 527 537 540 525 533 532 510.07 510.07 513 547 563 586 595 606 614 642 697 722 745 737 709 724 708 636 549 565 595 562 553 521 480 471 500 482 473 412 451 502 491 499 502 530 555 506 440 382 332 290 294 285 303 296 328 423 469 527 534
358 347 355 330 369 444 432 410 399 420 476 510 564 612 649 716 835 847 861 892 925 835 795 761 722 676 713 662 649 652 637 627 603 571 559 522.01 527 531 524 511 515 510.06 510.06 529 536 538 626 656 651 644 704 748 757 784 765 705 704 691 563 520 560 551 547 522 555 544 563 531 495 505 439 465 510 528 550 551 568 573 525 466 435 335 295 325 296 328 343 366 453 479 533 507
331 409 441 450 478 469 497 496 439 485 541 593 634 676 750 815 878 777 784 780 787 782 771 749 749 721 632 607 589 610 623 621 604 571 540 555 522 510.07 510.06 510.05 510.05 510.05 510.05 534 565 563 603 672 684 694 712 738 795 788 765 703 608 604 503 522 510 483 509 518 578 594 644 579 541 552 525 517 536 538 564 597 597 578 504 484 422 356 318 370 386 380 457 493 504 552 537 482
335 403 462 498 551 565 569 532 468 511 587 621 649 727 813 856 829 761 719 725 730 775 738 725 734 689 605 589.01 595 584 576 567 568 558 578 554 515 510.07 510.06 510.05 510.04 510.04 510.04 515 555 591 617 658 679 711 740 767 752 727 698 657 574 510 473.07 480 473.07 514 559 535 527 579 644 588 566 542 541 540 536 528 534 586 548 537 490 433 383 353 386 418 420 400 388 378 445 448 429 458
339 378 407 438 514 583 626 564 543 590 633 685 718 764 814 868 767 726 698 678 684 728 719 696 663 619 612 622 633 641 605 587 554 553 552 545 514 531 539 521 525 510.03 510.03 521 542 584 636 618 630 636 699 749 747 697 677 634 595 521 473.06 473.06 510 542 544 524 512 579 567 605 586 543 532 501 513 478 527 535 540 501 509 476 425 414 462 413 388 358 340 310 322 314 316 352
307 326 365 404 469 582 616 648 615 634 637 671 715 771 808 812 737 700 696 678 673 703 679 649 628 647 688 697 686 661 607 583 603 594 550 543 558 557 538 533 533 546 510.02 510.02 552 611 626 573 586 636 695 704 686 688 631 572 531 473.05 473.05 545 576 523 522 472 491 530 500 587 568 540 519 527 500 451.01 469 474 491 479 471 474 474 487 492 465 425 416 398 349 277 266 261 294
294 322 384 430 495 542 602 656 676 659 643 664 703 733 804 823 717 695 673 661 640.01 640 630 628.01 667 692 763 754 683 672 678 662 666 622 590 585 577 561 536 545 543 541 544 510.01 548 580 582 548 597 642 635 623 637 617 577 526 473.04 473.04 524 576 545 471 463 433 434 441 483 534 510 501 452 489 462 452 451 454 459 486 434 436 437 440 462 482 449 485 439 357 310 287 266 246
291 306 355 391 405 520 609 691 733 700 697 702 710 732 787 789 702 675 651 640.02 640.01 649 628.02 643 657 696 802 794 788 748 775 684 636 621 615 593 615 599 607 578 565 587 555 510 529 538 540 504 528 522 527 492 478 501 526 481 473.03 526 554 546 445 424 400 396 377 368.01 446 452 428 422 398 410 388 423 420 448 462 446 386 393 428 440 474 531 526 523 522 438 445 424 414 363
317 333 339 375 439 571 634 727 753 752 743 718 696 718 767 772 681 649 644 689 715 684 663 690 666 721 795 822 807 788 749 695 649 639 644 644 636 647 636 608 578 575 545 508 500.01 500 513 494.01 494 482 473.08 473.07 473.06 501 473.04 473.03 473.02 479 486 463 408 406 445 463 443 373 368 431 389 391 366 387 381 404 370 438 414 408 308 381 471 475 486 488 478 481 458 502 473 460 458 424
388 371 384 387 415 503 620 691 757 772 722 693 685.01 685 678 686 658 660 688 754 757 737 706 738 731 777 812 805 788 780 783 723 720 688 657 641 643 655 640 625 607 550 567 518 500.01 509 494.02 494.01 552 551 553 547 501 473.05 473.04 473.03 476 473.01 473 440 451 443 464 488 451 449 390 342 374 379 364 397 378 324 329 356 324 293 271 378 399 437 402 410 380 384 361 418 436 442 422 399
429 452 452 435 440 515 604 698 779 778 731 732 721 724 695 658.01 658.01 658.01 704 759 815 748 752 786 807 808 790 794 786 795 746 703 658 630 608 617 620 620 613 576 550 523 571 526 501 522 494.02 503 517 545 573 574 583 519 474 473.04 544 521 505 477 455 469 475 473 489 501 444 339 332 327 319 387 344 245.07 280 250 245.04 245.03 256 309 293 281 293 305 311 264 312 324 395 398 341 334
400 443 499 494 494 580 632 714 783 799 751 769 765 735 685 663 685 697 739 788 834 802 804 807 797 765 759 788 776 735 666 654 594 577 574 581 591 578 578 564 530 500 550 530 498 494.03 494.03 494.03 519 609 625 618 604 530 473.05 523 564 515 493 495 500 488 490 473.01 495 490 460 371 346 314 309 323 247 314 245.06 245.05 247 268 245.02 252 245 232.03 232.02 232.01 232 226.02 226.01 268 311 279 285 242
422 492 553 597 587 574 709 775 833 816 779 790 732 711 691 726 772 793 826 796 761 758 738 729 747 704 710 761 734 674 629 601 537.01 537 559 571 583 553 512 527 538 510 499 494.05 494.04 494.04 494.04 519 558 616 624 612 576 475 518 579 579 594 562 569 541 573 509 536 528 515 467 422 391 322 299 285 287 377 348 336 320 286 264 245.01 258 274 284 263 252 276 228 226 239 225 215 207.03
440 498 565 593 636 615 758 839 859 833 806 787 761 758 725 749 836 855 827 825 719 720 737 693 651 653 689 738 721 664 620 567 539 541 534 546 553 516 508 519 504 496 503 494.05 508 514 508 543 597 590 568 549 499 540 595 599 617 601 611 607 577 565 513 557 569 560 478 452 379 368 310 285.01 322 364 385 369 343 325 288 263 256 343 350 342 324 317 246 222 221 216 221 230
499 532 578 595 635 704 743 884 889 841 834 819 828 792 764 810 889 866 845 780 708 682 708 640 586 591 677 698 679 638 612 558 532 512 528 501 522 497 519 510 507 494.07 494.06 494.06 512 541 508.01 536 569 574 541 509 504 559 616 643 626 610 587 558 565 569 541 526 521 514 471 458 404 368 297 306 330 373 410 393 369 312 283 274 256.01 324 379 345 354 310 287 221.01 234 235 252 282
455 517 565 627 670 768 847 889 884 910 879 868 857 852 881 902 907 898 831 725 658 619 642 593 591 575 619 625 607 619 604 536 542 504 500 509 500 494.11 494.1 494.09 494.08 496 494.07 494.07 523 544 519 508.02 519 568 549 520 532 546 568 592 614 568 555 549 546 539.01 539 563 554 458 427 410 377 385 352 334 366 416 416 356 351 315 322 329 298 353 375 335 273 229.01 229 248 310 316 246 326
440 519 581 673 711 840 849 858 808 843 799 792 792 863 914 904 873 898 850 781 697 586.02 586.01 591 586 560 586 551 561 580 538 518 502 501 494.14 494.13 494.12 494.11 494.1 510 528 514 522 504 537 537 508.03 510 546 556 546 515 565 604 632 639 662 586 594 595 594 581 615 580 523 469 423 387 387 393 366 357 378 414 431 368 342 340 315.01 363 388 383 345 315 272 234 283 304 378 281 274 329
415 483 554 611 663 790 739 729 806 785 717 718 712 727 833 802 795 797 808 777 680 635 612 586 562 552 541 520 519 535 531 518 505 498 501 506 527 510 503 530 554 581 574 526 512 529 521 513 528 513.02 514 563 592 618 661 700 676 644 622 605 627 626 599 544 494 471 473 427 443 415 402 393 387 402 383 358 359 331 315.02 327 332 350 352 311 261 269 316 383 350 286 315 358
409 453 510 563 615 627 700 772 781 747 672 654 639 659 729 741 700 722 752 786 672 598 583 575 602 565 521 514 511 519 539 511 530 498.01 516 537 535 542 532 539 579 617 556 522 512.01 525 513 513.01 513.01 513.02 521 585 608 651 664 682 649 635 637 605.01 627 547 502 472 446 412 400 392 412 387 394 386 351 374 337 336 315.04 315.03 315.03 323 345 348 345 297 322 334 356 390 372 311 311 343
434 430 468 504 538 628 721 726 733 707 650 610 579 601 683 647 658 654 692 722 721 618 614 596 557 541 549 544 522 510.01 510 501 499 503 533 530 552 594 590 603 621 593 545 542 512.02 512.02 521 513.01 513.02 522 547 597 655 681 684 685 665 640 647 620 626 534 463 424 412 382 368 360 362 367 365 361 336.01 354 341 318 315.04 316 334 354 350 391 375 307 351 361 363 381 368 311.01 315 360
467 473 486 540 613 701 748 686 666 675 652 609 569 590 653 610 644 641 637 672 707 702 649 577 548 556 585 571 584 551 535 507 513 528 514 529 607 643 694 704 698 607 571 520 524 513 525 513.02 513.02 522 539 583 629 668 695 714 703 678 674 674 595 519 451 403 395 392 383 359.01 359 341 335 352 336 337 325 328 315.05 332 335 375 385 380 359 327 343 361 389 408 392 319 325 347
