data/xf_ws/xf_ws.slope
ncols         177
nrows         146
xllcorner     799600.00012
yllcorner     2647174.38755
cellsize      200
NODATA_value  -9999
[rows 112 to 139 of 146, columns 0 to 62 of 177]
3.434374 10.80933 14.38384 14.30572 17.28889 24.05864 23.60187 21.90956 12.05118 6.986997 9.143711 9.387056 10.3358 8.28546 7.374491 3.388777 2.450369 8.269182 14.83854 15.13998 9.028541 12.97354 11.99811 11.58534 6.892048 0.5089404 4.892067 3.580969 4.102847 10.38541 16.50581 17.08661 17.45764 16.31216 12.13358 9.10513 8.586752 9.567067 10.39025 11.76102 12.71111 6.957244 2.58054 9.196322 1.912582 1.428662 1.970666 4.753726 9.093223 9.519294 9.932324 11.35813 15.06528 15.20529 5.202754 10.62191 9.996028 8.701174 7.004972 7.574402 7.090021 6.083016 3.233427
8.231619 13.78851 15.5907 19.67597 19.40541 22.80866 24.76503 22.95329 12.90581 8.649547 8.285381 6.326354 6.024583 8.10281 7.145186 8.876331 15.76205 18.87593 17.51097 9.767274 2.308971 5.486713 2.768425 6.932258 10.41749 13.07137 10.96687 7.309402 11.36509 18.9601 19.35195 18.90694 18.16619 12.76312 8.487602 6.816982 6.707723 10.31508 11.74855 8.86036 7.683887 4.010531 6.938768 8.144733 3.787491 2.312289 0.4772241 5.538188 14.23172 14.29929 7.665128 5.150652 12.97123 15.10696 5.579133 14.95085 8.997732 10.95116 10.60361 11.72014 12.96773 11.63863 8.646057
9.674238 18.38675 15.92918 14.96067 14.79447 20.77062 28.38265 22.84389 12.34602 9.829566 7.352868 5.437309 7.9503 7.62894 6.975472 15.84793 20.89731 19.78946 13.25853 5.374487 11.36969 12.36737 11.98177 15.62006 18.47428 15.58177 13.18441 8.706437 13.34067 16.89933 14.34718 15.20795 11.58858 5.996753 6.047191 6.071168 6.639793 10.83768 9.052138 6.630871 5.625965 3.583817 4.787539 4.391638 0.5921318 2.291797 4.465607 10.88003 14.09087 7.466426 7.333735 12.44094 15.98237 5.547687 14.70966 14.1243 9.546125 12.69789 15.33275 14.86375 12.18322 10.241 8.130641
11.46139 17.18082 12.97511 8.635874 9.194657 20.06787 28.92118 19.4049 8.754704 9.529673 7.675411 8.993849 12.12213 13.2026 11.01218 19.22576 17.83832 9.999662 6.124403 14.81473 13.99066 8.368171 9.13883 16.24634 18.84738 15.3649 14.45528 8.255828 12.73262 14.062 12.8485 12.37396 6.412017 3.090268 5.725863 8.483933 9.271918 8.297712 2.126623 2.087132 4.412238 3.099513 1.165757 0.9460826 4.290668 4.499661 4.307418 10.91811 8.145831 5.614026 12.19272 14.85303 6.909545 11.07878 16.05331 10.48929 6.226426 4.440741 3.046227 4.083867 2.736844 6.777733 3.87018
3.447355 13.92017 11.8329 10.87595 15.98901 22.72982 26.60415 16.70937 6.797202 10.71878 11.70265 12.00707 13.36423 16.09734 19.42642 22.37571 14.03793 8.402054 13.29877 20.91985 17.99101 12.61239 14.5174 18.02862 11.87222 13.31105 16.73213 14.39636 15.20088 11.45121 12.56925 11.03918 5.792425 4.2369 5.089695 5.751438 6.176967 4.447565 2.863522 2.819206 2.481047 1.175792 0.6539057 2.50784 6.221126 3.106338 0.8608633 8.934361 9.953639 5.403647 8.404426 5.921111 4.454755 12.55949 9.873604 3.518794 3.551276 6.769743 8.33115 7.859209 5.321692 4.714027 2.754547
10.46776 15.62816 15.4671 16.08423 22.63989 25.18546 18.81775 6.455026 6.65514 4.795834 6.542693 4.907618 1.090747 9.824674 17.0741 12.32345 3.681775 8.016035 18.99223 21.67821 17.95078 12.5105 14.0031 11.10209 5.033029 7.553865 14.40159 17.52322 15.47912 11.39992 13.84001 10.70324 6.017868 4.598466 3.074939 2.709489 2.638202 2.162111 2.150135 0.7951114 2.235504 3.248106 3.107555 4.160697 6.712162 1.587954 3.868415 4.437171 7.932177 2.246612 7.195872 3.353138 9.149673 10.67083 7.94401 4.970088 5.037566 8.00668 3.054602 4.183984 3.912931 4.578645 7.6194
10.63579 18.78352 18.99368 16.58846 22.23379 18.44816 12.91147 17.56512 15.49262 17.44002 21.64925 20.81878 19.9542 20.22729 13.42649 13.09111 14.89302 12.48217 15.291 21.04663 22.03923 10.85885 2.957097 4.454191 5.143258 5.467979 10.06517 13.53868 13.0581 11.69073 11.79753 7.709584 4.658741 2.797674 0.2520642 1.218362 2.42564 2.648281 3.102993 6.563297 8.822471 10.96357 10.17907 4.74558 4.254896 2.353333 3.795685 3.060528 5.545038 4.890394 4.095377 5.310905 12.32961 13.40162 14.57841 13.7066 12.67375 13.20585 9.543278 9.23096 10.80852 11.13966 7.031062
10.82888 19.61558 20.85458 20.42408 26.05856 25.66074 20.50599 13.66747 8.766622 15.8856 19.34202 19.234 22.25629 28.62593 26.16078 23.61159 23.20401 21.35 13.31275 17.41555 22.65434 11.86027 4.162848 2.977078 3.968697 4.610743 7.266354 7.295827 7.409959 6.186763 4.402185 3.510444 2.996652 1.899951 3.450036 5.872705 6.171402 6.484667 5.76699 8.34117 10.5393 10.3152 10.14368 5.69193 2.176663 1.615926 2.540703 2.020412 4.129764 5.19015 4.749694 10.82549 11.7849 10.99754 9.81488 4.083867 7.900621 8.090319 6.262295 3.434345 1.848147 7.757161 15.35444
6.546544 14.47293 18.55121 19.80355 22.86234 21.62019 13.49018 9.222503 8.088003 17.01437 16.5097 15.36187 17.35729 22.75216 22.02139 20.84241 19.7079 19.28213 16.19279 11.2509 21.24609 12.44549 4.18368 2.543097 3.916987 6.840751 4.793449 3.247533 0.3685411 3.150788 3.359064 2.938629 1.79357 1.290924 5.225643 4.781773 6.284532 9.930216 11.71559 12.26443 10.43161 4.26654 10.53371 6.524317 0.7520006 1.409697 1.522382 0.5368002 0.8175403 1.821006 10.27962 13.88771 12.37175 10.56438 6.25353 1.377367 7.099052 3.440314 4.776887 2.322784 7.03712 18.82475 20.32457
5.174732 7.196919 11.6187 13.32305 16.54568 21.09655 11.88201 8.534413 13.86739 14.09349 13.57491 11.12337 9.090549 16.56788 14.10095 14.16114 11.48342 12.39548 16.82141 11.02447 13.05086 16.54097 10.81985 7.006938 6.487753 2.166573 6.3671 9.204757 8.853395 5.015092 2.605888 2.162434 0.5169402 2.454636 3.422789 5.690169 12.07612 16.18639 20.39497 21.22372 13.86525 11.40632 10.08495 5.661831 2.316848 0.714368 0.5593963 1.088867 1.018153 3.864832 10.14241 13.8526 11.4494 7.10701 4.993786 5.556216 8.944594 6.878895 7.130902 6.91048 13.55318 20.90125 15.92882
10.68184 13.18984 15.98266 21.96269 24.5444 20.58871 1.147998 12.70318 13.53737 11.02768 10.81295 12.17916 5.650885 13.65243 9.694995 6.241307 4.677305 3.293986 8.742345 11.833 4.149145 10.13204 13.44235 11.13477 3.686621 7.881927 9.669771 9.922522 11.10893 13.21307 12.10355 7.951614 3.213421 2.682574 3.127336 12.45177 16.50414 13.11027 10.51415 8.850822 11.32509 15.86048 9.898905 5.743583 2.687688 0.6794887 0.356734 1.177887 1.017021 3.658673 9.429728 14.53715 12.86611 8.880659 5.661627 3.893818 7.703087 6.713727 7.782443 12.82076 20.69796 23.42806 18.30905
21.38513 28.0142 26.58456 23.3527 14.04046 8.500648 13.77405 19.51628 15.39213 13.98702 12.61296 11.82676 0.9607894 8.819894 4.019119 3.765672 5.088986 2.928174 3.826125 9.365687 5.703941 9.679977 13.046 9.266441 7.623357 11.02005 6.629161 5.755836 2.553136 4.02005 8.644944 8.916659 0.3068813 3.504951 7.20372 16.03131 13.95576 4.397559 5.711701 8.502992 10.38446 13.46784 10.56658 12.69893 11.09594 8.642497 5.888084 3.300582 2.583352 1.668928 7.239151 15.25828 13.2552 8.075489 7.654012 6.448968 8.683557 9.503832 5.017117 5.143751 15.40437 22.99303 18.63441
11.55921 15.35399 11.54671 3.757537 10.2416 17.04644 18.37462 17.19053 11.54482 12.50183 11.41481 4.354922 8.114049 8.892955 5.52519 3.590772 3.197166 5.866622 3.733025 10.00655 4.659013 10.51788 7.26359 4.662853 2.649174 5.191656 1.235866 4.326968 3.620645 5.90957 9.016442 7.567295 2.288229 6.730789 8.954164 14.01339 9.117512 2.98907 5.536123 7.701787 9.13883 6.015348 4.900367 10.2628 11.53145 9.57752 7.564969 2.949219 3.152538 4.598803 8.989614 18.6053 16.85454 8.786586 8.86092 15.95374 15.05297 21.0334 9.719924 13.72798 17.60286 20.71231 16.64087
9.748313 15.91467 15.55255 17.24035 20.36066 18.10823 12.78011 9.828938 6.736378 4.271901 2.521379 7.164568 10.43549 5.530859 2.124817 0.6177349 3.313477 3.194712 1.83379 8.074601 8.272596 7.999811 4.498229 3.944672 3.184005 5.328872 4.436695 2.24148 3.958731 7.099052 5.567145 5.056402 3.562769 6.918077 10.0549 10.04865 5.381086 4.972387 6.276092 8.065741 9.559631 8.90788 9.162091 8.14767 8.275031 9.000897 6.758883 1.030817 1.748168 6.509112 11.49167 18.19054 16.5609 8.712005 12.61553 20.01725 10.59483 22.67847 21.63288 15.21062 11.78644 15.35581 13.54896
13.34951 18.45595 17.23937 16.9609 15.84385 12.73724 8.930964 8.508047 3.694403 5.705388 11.29609 12.36894 9.818648 4.50049 1.60903 1.883328 2.632059 2.855888 1.312874 4.706781 4.179563 1.771933 3.461025 2.448322 1.866513 0.1141494 3.793064 4.610743 3.560963 7.530774 4.054567 1.948004 1.430343 6.63435 10.72083 4.664739 4.525851 5.231285 6.556546 5.614477 3.778589 2.297861 4.65315 6.774761 8.208115 7.064591 2.075447 0.8597307 3.081234 8.643713 11.61233 17.35455 15.73244 9.447735 11.79517 12.91462 8.572973 21.15204 21.09726 20.03893 12.90108 13.33664 12.97907
7.123077 11.16166 14.43548 14.39881 8.770732 9.835709 5.378509 4.383649 4.045459 10.85402 13.42587 9.849609 6.19329 3.559888 2.620949 4.111579 5.714934 5.329957 5.486084 2.863494 3.869052 0.8973192 3.678309 2.693999 1.063377 3.439572 5.504 7.268944 8.032847 6.121309 1.289573 3.613225 4.256964 3.982356 9.957958 5.984176 5.888781 3.913081 4.052557 2.075446 3.362581 3.867544 1.294593 2.430052 3.796759 2.468156 2.730483 3.701064 2.896121 8.112188 12.51903 16.75014 14.44404 10.08617 8.423822 4.757266 20.33095 26.29971 23.05424 19.92558 14.26659 12.51345 10.22539
6.014718 7.528111 5.643263 6.90347 4.362806 8.045542 6.273889 2.248321 4.257533 16.58798 15.97897 5.653796 0.9740397 2.592406 1.406129 3.986634 3.220067 10.26544 5.482863 2.431428 4.902827 3.494049 3.26283 3.077518 2.005811 3.955511 7.04504 3.645921 2.844938 3.062955 7.353496 8.725441 8.671994 6.084677 3.540843 4.529502 3.997167 4.740141 2.635943 2.468055 2.893667 3.968697 2.392701 4.535017 3.090665 1.754255 6.793314 6.173225 5.048331 7.231684 11.18358 14.19379 17.15086 13.51723 6.492997 11.26432 20.57806 18.20633 12.31485 13.83453 10.14332 9.009698 9.355112
10.9061 9.264907 3.150334 0.1810507 1.074315 4.64664 8.523526 7.351248 5.640921 18.58109 18.44502 7.563147 6.996346 4.921312 2.881355 5.16509 5.406962 9.436734 4.364314 1.072355 4.018548 6.225006 6.264822 6.966094 6.965372 7.677042 8.685847 1.95408 6.160585 6.257968 5.242908 2.517317 2.985649 3.709381 1.994635 1.012244 4.499936 5.848272 1.290924 3.765672 3.095628 2.333282 2.21894 5.65097 2.035642 9.536934 14.8367 15.60498 15.32682 10.81171 7.040044 9.597875 14.86249 14.67268 19.16975 21.97838 17.90528 8.659607 10.3152 15.66543 13.51828 11.57192 10.23536
6.977851 4.226069 2.305011 3.52165 4.567419 4.410797 1.745527 1.315235 3.616488 16.74181 14.29582 7.619249 10.28862 11.61996 11.25858 10.68791 7.416725 5.693282 3.311095 3.400944 4.120694 5.927085 7.817085 12.71451 14.7091 14.48139 10.16076 6.603268 7.04504 5.950499 2.400259 0.8973192 2.075446 3.031091 2.344103 3.311381 5.316949 4.348092 2.048127 4.505009 2.468055 4.501964 5.083852 0.8945178 6.782839 13.09803 15.95062 13.64512 15.58534 14.97481 12.53985 12.33235 8.099728 11.15139 23.89699 25.40503 21.40122 18.32983 16.56277 12.85186 11.1574 7.815645 2.442526
7.851392 11.93618 9.629561 8.879959 9.339851 9.406036 9.313046 8.279971 9.327797 10.47591 9.644589 12.89885 14.74924 16.152 14.91085 12.74166 8.255828 3.93484 4.943964 4.29775 5.032273 6.319769 9.897038 12.80392 10.21902 7.707473 4.809324 8.630111 6.190843 7.659899 6.105401 1.120883 4.067303 6.177165 7.79559 6.296262 1.218951 4.18885 1.449879 5.18257 5.574419 6.257452 1.115151 9.646629 12.86416 12.18866 13.83136 5.74109 5.809433 11.60209 17.95881 20.87437 15.17185 17.26894 15.56911 9.818648 14.66436 20.48808 20.80355 18.35683 17.82174 13.4937 11.37269
7.311804 8.391963 4.718376 3.084152 3.227022 5.261015 7.735838 6.766582 1.582539 8.286622 16.00508 16.89692 12.30394 7.112665 7.062143 8.180535 6.857833 3.579543 3.822459 2.933842 5.060189 8.798456 8.298163 8.388702 4.1686 4.669821 5.55895 8.461886 8.072551 9.825049 12.17846 7.704387 3.889561 2.641758 5.245567 6.150944 5.653796 6.554816 7.125369 6.731705 5.214287 4.66664 4.934227 14.0752 9.611375 5.099409 8.070075 6.059713 4.334608 9.57623 16.10514 17.82123 18.44436 23.56441 25.88541 21.24369 13.64329 11.08901 11.39739 12.83858 11.93633 9.505262 10.86617
2.274914 3.596608 4.188546 3.328301 3.156604 4.045006 4.666918 6.722909 9.565817 10.59083 6.159626 3.200688 3.569537 4.10595 6.171234 8.488922 7.501262 6.351628 3.008668 6.557314 8.649547 10.02916 6.748701 5.492603 1.777332 3.531261 5.890498 9.551559 9.49238 9.652394 13.80081 13.63754 11.40557 10.30091 5.53269 5.607708 9.898905 3.981518 7.396069 6.239386 3.603192 6.44515 7.896237 14.71189 7.850931 7.725639 9.159824 9.188053 9.905499 11.71311 13.20405 4.430704 9.331802 12.71442 19.60705 21.42452 20.38185 17.77066 10.0485 3.122431 4.687891 6.206525 8.524488
4.908911 6.039874 5.671678 5.530859 6.703217 10.7516 15.07213 14.43898 8.477916 0.7106976 3.023902 0.5142628 4.041705 6.882734 8.653859 11.48427 9.937778 7.574402 3.716936 10.37678 8.94168 7.282247 3.695611 3.572653 2.184564 1.219668 3.891644 7.26359 10.51508 10.7409 12.60438 13.48338 11.11625 13.00091 10.29805 0.7053369 8.773706 11.29109 6.462833 5.568737 8.171283 5.9085 10.58489 11.2035 4.761804 1.797764 6.518958 12.212 14.09491 11.20926 7.64288 9.024831 14.95348 14.02453 14.13 15.98085 16.38697 17.61272 18.85127 14.00584 7.077286 7.209991 7.486595
6.295966 8.773706 9.247313 10.62334 12.88605 12.38743 7.58194 2.995902 3.128504 1.620564 3.59992 6.5855 5.160494 4.039964 3.031091 6.82989 8.84282 6.83118 2.761027 8.775123 5.724094 3.826838 3.235321 3.238651 4.245904 2.957908 3.298402 3.003568 3.25585 6.857676 9.382657 12.20801 10.88022 12.26856 11.13148 5.137088 7.208076 12.83179 8.255374 5.163689 6.721434 4.871568 11.76718 10.59865 11.5466 11.5385 10.99388 10.71889 12.06461 11.82153 7.248194 7.390641 13.06688 13.66191 11.16875 8.984463 11.15478 10.90691 15.79859 17.68414 12.61201 9.82254 9.476395
5.934664 9.125504 9.17915 7.242655 4.325862 1.111698 3.593621 4.312714 1.627191 6.988372 8.443072 4.324908 3.101086 4.778584 6.379568 8.84577 8.271221 4.085114 0.4297103 5.984176 6.312778 4.906101 5.059516 5.105158 5.619174 4.986928 3.808922 4.315972 4.157619 1.763197 4.887716 10.96792 11.96905 12.90572 11.70317 8.474828 4.639328 11.18489 10.77183 12.062 5.131899 13.38179 13.68059 13.17553 10.55695 2.005811 4.254889 6.1178 10.68608 16.55737 8.796338 13.71387 17.54119 13.92587 9.49225 9.631908 7.952658 7.516117 13.0328 17.46742 15.61568 12.93652 8.170636
2.317722 2.291057 1.225075 2.06672 5.055874 6.441154 2.995074 2.934739 6.605396 5.133268 0.2517952 3.995573 5.206742 8.656446 9.797403 6.822149 3.743191 2.425181 1.164711 2.988215 4.751921 6.24929 6.096084 5.539782 5.065453 5.301357 4.351602 2.539233 3.568135 4.407439 2.577765 8.208476 11.26384 13.55001 14.89491 11.50403 7.214169 10.08422 12.92473 16.72967 4.296566 17.52071 14.24615 11.02735 7.545235 7.795934 8.651416 7.735514 10.7616 18.91054 6.606129 16.86753 17.35402 13.36093 12.74929 7.654503 10.15301 11.4076 13.50111 19.10337 16.7682 12.29639 5.195583
0.5455184 0.9109879 2.11259 4.435532 3.757171 3.244386 5.307801 5.206317 1.291679 3.964856 6.702097 7.600157 8.354011 9.497848 7.216257 1.397116 0.6592625 2.778528 2.175768 1.601049 1.584966 2.744308 3.918288 4.93754 7.387925 6.065118 4.778775 6.407539 5.981007 6.630538 6.417416 1.906131 9.250274 11.58596 16.54173 15.5151 9.040211 16.39468 18.89118 15.5151 6.801459 16.21452 13.65487 12.25666 6.575736 2.672556 6.932258 9.548842 12.77128 16.22736 7.78196 24.70371 18.93403 9.356964 13.19609 11.49389 10.2386 10.22154 12.76537 18.64674 12.60677 8.146698 6.877575
2.180893 2.248184 2.362848 3.559888 4.066363 7.124579 7.521919 4.452185 3.474251 4.205316 3.425443 4.708941 4.549671 5.553253 5.3865 1.177516 0.5079316 2.946046 1.833719 0.2152169 0.8958895 3.046227 5.037314 5.589617 6.203881 4.444177 4.618731 7.201105 8.653141 5.379201 7.747754 5.095426 7.437725 7.168949 10.66119 10.54766 10.85436 18.73939 12.13597 0.4585802 12.97935 16.78766 13.86312 9.391014 8.699722 7.949672 5.002929 7.105597 13.89871 13.56054 18.30795 29.62807 21.73586 16.71819 14.40813 15.27568 12.42574 9.506172 11.46976 14.16539 8.024913 8.862041 12.98345
