data/xf_ws/xf_ws.demraw
ncols         177
nrows         146
xllcorner     799600.00012
yllcorner     2647174.38755
cellsize      200
NODATA_value  -9999
[rows 0 to 40 of 146, columns 0 to 91 of 177]
171 163 176 173 177 178 195 212 230 250 299 335 397 443 519 598 603 658 676 680 616 561 488 414 405 409 300 263 241 220 226 219 211 194 186 190 206 226 225 229 227 216 228 250 261 203 218 270 295 308 314 344 294 286 234 283 293 344 373 377 416 481 569 496 548 533 568 514 399 422 454 521 509 503 508 474 432 406 334 290 285 285 309 263 303 356 407 459 473 519 521 566
157 159 165 166 173 186 201 238 269 275 338 391 454 465 520 568 705 737 687 621 564 490 428 375 366 358 317 258 239 251 259 245 231 219 188 196 264 272 260 240 238 237 257 299 277 231 209 236 242 245 271 321 317 263 262 270 298 359 403 429 430 500 535 562 602 594 628 527 437 489 479 502 502.01 547 490 442 386 346 323 317 344 344 300 271 303 356 423 486 540 576 587 633
153 160 161 188 210 197 223 224 253 311 383 450 503 549 595 658 723 776 748 644 559 448 421 450 424 359 298 287 263 297 290 288 303 246 221 220 283 299 311 258 246 274 297 328 365 242 218 211 236 264 321 336 301 262.01 274 280 320 387 433 501 480 486 573 604 669 684 634 518 439 510 548 546 518 529 523 419 380 349 372 380 411 359 377 328 374 445 447 486 562 630 647 714
152 157 165 198 224 235 228 252 289 359 465 542 584 621 664 751 790 758 687 628 546 544 527 520 415 442 356 331 299 350 367 378 362 241 220.01 220.01 316 349 360 288 287 312 362 425 345 252 213 227 267 327 367 364 297 262.02 300 315 314 390 450 519 553 542 603 679 695 622 563 467 464 536 574 577 581 509 466 413 412 366 403 449 467 449 429 402 471 465 525 573 628 650 701 770
165 159 168 219 303 325 263 282 332 449 514 530 513 519 555 680 744 731 665 606 616 575 589 539 521 465 428 377 380 433 407 358 298 233 262 288 402 428 387 346 324 412 459 412 319 229 222 287 264 344 395 389 326 268 307 363 366 437 464 519 603 622 678 726 638 561 504 512 498 597 653 591 535 483 471 481 422 403 491 514 505 465 500 458 477 506 581 660 741 747 778 812
188 211 185 236 317 403 362 367 399 373 428 422 397 408 470 530 562 560 604 630 644 681 678 697 596 550 451 477 486 419 383 316 244 313 376 410 533 523 488 478 403 526 440 366 292 242 298 423 432 432 381 381 316 275 296 331 380 461 508 594 682 709 758 755 663 607 513 547 559 604 622 574 600 606 589 583 557 561 584 574 574 570 555 469 460 514 602 727 844 873 863 865
224 259 194 197 280 306 336 335 314 314 346 349 381 383 380 425 454 458 456 478 542 583 656 680 649 581 505 516 512 487 446 385 303 264 321 377 437 543 563 483 462 513 413 334 269 271 376 469 479 409 388 366 357 335 293 344 393 484 552 634 699 722 797 763 659 552 530 595 584 676 643 623 692 709 674 616 614 658 656 655 639 625 566 461 511 579 652 741 908 895 840.01 849
232 241 212 204 220 247 260 342 289 280 299 320 342 340 360 389 391 388 392 377 423 451 510 537 564 588 556 642 604 571 560 427 356 325 264.01 306 375 456 494 496 533 425 364 293 269.01 301 459 474 436 429 396 374 388 392 333 351 376 451 512 561 610 678 773 698 627 547 558 612 665 703 705 700 758 747 696 629 614.01 701 698 681 647 623 552 475 573 659 733 792 896 840 867 903
228 204.02 204.01 217 204.01 231 241 293 313 271.01 290 286 290 305 353 355 349 353 358 349 378 413 440 475 529 623 682 679 660 597 536 422 387 378 291 330 394 402 422 447 501 393 321 276 315 317 444 429 427 449 425 374.01 404 427 390 393 445 447 470 594 667 752 733 690 633 565 603 642 680 736 799 796 806 751 710 658 660 683 638 621 594 585 534 520 600 694 756 798 839 827 893 957
253 229 221 230 230 204.02 226 300 286 271 271.01 271.02 271.03 271.04 311 336 326 322 329 319 329 398 454 521 577 642 673 640 620 529 510 472 433 377 307 308 338 380 414 434 438 332 304 307 293 340 372 387 430 468 446 400 423 435 437 413 470 486 477 585 711 760 676 626 594 603 646 727 785 820 848 871 841 737 731 711 711 674 607 563 531 520.02 520.01 548 628 694 749 789 805 862 914 969
283 280 230 204.04 204.03 242 213 233 248 300 271.01 271.02 294 280 273 271.06 279 283 297 323 336 428 483 590 652 706 661 617 619 589 564 488 447 380 321 307.01 342 396 458 471 480 387 347 378 337 336 390 442 472 486 456 418 400.01 443 477 471 526 575 613 602 689 698 660 704 683 667 688 768 866 940 1023 945 849 850 826 827 795 738 687 689 669 590 543 609 707 779 804 783 856 922 964 1027
256 244 266 214 216 307 269 237 291 362 274 275 271.03 271.04 271.05 271.06 294 306 345 367 391 431 460 578 627 651 617 566 578 543 463 422 387 379 338 307.02 334 395 441 462 426 414 398 371 394 384 394 417 433 485 445 405 409 512 536 526 545 618 625 675 747 696 672 738 752 737 730 814 917 1016 1012 941 918 929 893 850 784 748 704 730 685 593 626 657 769 797 791 818 851 896 966 990
260 231.01 231 227 242 272 242 264 322 374 314 271.04 271.04 271.04 285 295 328 333 385 413 482 506 574 625 626 601 562 504 472 487 398 354 329 339 320 307.03 403 395 407 390 362 416 409 386 415 396 384.01 398 460 510 466 418 405.01 473 536 579 613 691 682 725 746 732 690 716 780 759 799 913 947 1000 1006 977 954 977 920 847 791 765 738 751 708 659 698 739 756 742 800 862 910 929 964 982
250 241 288 251 283 277 277 312 339 424 356 296 304 299 351 331 375 406 444 507 564 576 659 700 604 584 539 504 446 425 396 382 347 309 307.04 331 362 337 361 337 352 422 401 407 439 435 422 419 454 495 446 434 405.02 429 479 540 604 685 685 653 653 658 729 729 765 811 887 948 973 1034 1056 1038 1025 966 912 854 806 771 743 758 741 751 747 741 719 767 824 891 950 969 945 956
247 278 293 278 295 277.01 312 365 416 466 345 296.01 315 318 375 366 412 437 501 563 625 662 704 714 671 630 584 498 515 488 466 381 349 323 307.05 307.05 318 318.01 318.02 318.03 342 391 413 447 464 439 419.01 419.01 484 525 504 500 421 454 490 516 570 653 601 587 578 620 765 793 831 834 861 971 1027 1051 1013 1009 1005 970 908 862 824 792 747 769 761 743 718 696 762 826 858 914 950 938 922 920
287 289 333 316 341 321 341 383 437 423 308 314 382 361 395 410 455 515 532 632 684 748 767 731 736 688 563 582 568 497 430 389 366 314 329 344 326 343 360 368 343 418 463 494 486 485 459 451 489 563 562 488 458 463 503 606 641 590 539 559 603 695 780 833 860 870 868 918 970 955 921 899 899 945 872 838 806 785 773 768 745 706 677 725 770 852 885 903 918 903 911 897
281 307 338 331 340 365 396 482 482 431 324 376 416 497 483 521 530 542 599 588 619 661 718 760 745 686 688 618 531 455 425 366 327 339 380 367 326.01 326.01 366 393 421 470 476 546 574 564 528 500 514 552 508 496 506 505 504 539 504.02 525 568 633 701 794 877 864 846 866 906 956 940 898 864 843 836 848 836 789 764 740 721 718 694 667 671 787 830 877 838 845 870 848 845 826
292 284 279 317 356 391 470 522 446 385 353 398 458 529 563 538 585 587 566 515 540 585 630 672 736 645 568 532 487 433 398 337 327.01 360 393 386 345 332 326.02 352 388 463 486 530 569 620 584 572 547 581 573 561 571 559 518 504.01 522 563 617 674 696 774 898 895 875 878 929 914 898 886 858 836 818 806 816 777 728 722 701 709 686 657.03 715 817 861 862 826 811 836 830 834 824
254 246 289 320 315 369 424 493 455 468 384 419 501 531 484 444 480 490 433 475 509 574 622 693 652 608 490 484 454 408 380 327.02 327.02 345 345.01 400 402 337 326.03 333 369 480 500 558 634 646 628 595 592 628 661 664 634 575 521 504.02 555 624 620 662 689 738 899 918 878 887 936 914 884 878 833 809.01 810 810 790 766 751 731 721 697 657.02 665 735 828 854 828 802 814 829 797 803 790
215 247 270 270 307 332 370 442 514 500 444 447 515 463 399 406 416 412 404 425 492 525 575 595 574 539 498 450 425 415 392 335 369 374 392 425 428 372 343 375 402 501 543 583 628 657 670 634 643 720 698 712 590 555 504.03 507 593 669 677 736 773 798 861 911 918 926 948 989 975 914 839 816 809 799 777 749 754 733 738 700 657.01 691 736 835 827 796 781.01 781.01 809 787 758 749
204 226 244 272 290 334 363 433 403 416 419 478 450 382 362 371 373 365 369 400 444 489 518 506 516 516 481 428 404 384 370 388 395 416 430 471 405 379 364 413 432 520 596 615 576 617 624 687 689 752 786 721 582 534 544 564 575 686 736 774 825 868 953 932 987 993 995 1072 1006 934 889 898 867 812 752 728 735 736 739 685 657 694 743 796 808 818 785 781 806 776 743 752
228 234 255 288 294 308 329 342 321 394 365 354 357 342 326 325 333 324 364 371 391 425 436 440 472 497 456 430 404 371 374 430 491 542 532 490 413 364.01 364.01 389 431 517 534 485 526 601 669 764 784 796 763 664 595 631 628 623 636 701 799 893 960 968 952 1002 989 1025 1022 958 954 994 984 937 884 841 806 712 658 687 669 622.05 648 729 782 786 796 806 806 766 770 732 662 682
192 224 293 320 302 271 292 297 286 332 317 360 337 314 309 321 298 331 327 349 354 399 423 466 486 493 480 430 377 404 445 453 546 551 492 456 386 411 398 413 393 409 443 493 563 625 660 689 739 727 747 643 665 666 679 693 687 779 845 940 989 969 995 978 975 997 995 955 894 924 912 931 898 807 756 692 665 636 657 622.04 679 711 769 768 777 768 730 725 730 684 630 635
221 242 303 288 251 274 262 277 279 296 334 338 308 300 285 298 297 318 355 368 404 425 438 443 458 481 452 404 436 482 486 501 582 539 465 430 397 451 411 457 477 482 464 458 477 560 636 673 683 711 702 734 781 744 772 781 779 819 920 957 978 993 986 990 961 952 931 904 878 822 832 853 865 794 741 710 674 662 622.03 627 685 704 761 739 742 716 674 612 661 611 585 585.01
251 234 243 232.01 270 253 252 243 269 277 327 335 306 282 279 272 332 388 405 378 400 402 426 452 461 450 427 450 511 509 531 563 614 535 470 423 416 489 499 525 573 537 546 542 510 543 596 656 669 696 712 749 855 819 840 843 808 868 921 925 987 1005 994 968 929 916 902 820 811 771 794 812 825 781 739 706 673 660 622.02 625 693 721 740 724 675 659 622 592 579 579.01 613 644
207 207.01 232 290 301 242 246 232 254 274 317 312 330 274 260 281 375 424 457 421 384 429 463 471 461 464 447 469 525 570 622 604 587 527 453 454 478 517 522 568 602 613 631 601 559 620 653 709 679 703 743 777 901 905 866 818 810 828 873 895 1001 1059 965 941 905 870 870 777 750 717 741 777 818 786 741 687 665 677 622.01 634 709 719 706 673 623 592 559 548.01 590 598 656 710
224 282 269 247 244 233 211 222 240 261 280 301 241.01 252 283 349 420 510 513 453 454 480 482 467 458.01 458 522 590 658 664 633 631 594 522 469 511 560 615 607 611 699 713 715 685 711 659 696 713 729 753 746 810 874 822 794 753 820 813 815 867 989 1002 940 839 772 773 773 726 681 669 771 830 804 775 743 723 682 622 631 685 704 739 695 626 618 586 549 548 673 697 752 832
242 241 248 227 239 214 199 225 260 254 257 241 241.01 261 287 321 440 526 479 443 401 461 477 474 477 477 563 610 691 653 626 608 577 525 496 491 547 639 649 672 719 779 741 750 716 698 705 760 806 778 770 815 781 754 727 751 789 771 797 859 961 972 875 796 753 717 736 724 701 660 686 784 747 735 715 691 678 581 652 687 744 739 656 570 568 548 533.09 567 681 764 800 858
187 222 248 214 201 193 219 246 236 229 215 265 280 281 322 335 465 489 430 378 351 378 427 426 454 451 577 618 656 614 605 566 555 524 510 528 555 668 666 688 785 799 764 767 762 741 698.01 805 844 843 805 773 735 720 699 720 714 754 790 868 943 979 846 790 740 710 677 693 679 637 665 752 710 692 682 673 679 576 677 707 724 677 605 533.07 533.07 533.08 604 634 711 774 846 898
172 205 231 206 188 209 231 235 238 199 220 284 340 360 381 359 388 395 398 314 367 351.01 373 376 391 435 531 572 631 596 588 594 556 553 520 571 595 662 670 734 793 811 786 822 791 717 721 836 867 813 751 723 694 718 693 683 700 731 770 872 991 976 856 810 764 691 658 650 653 631.01 654 682 687 661 654 693 663 563 685 680 656 595 574 533.06 553 569 610 683 753 806 835 899
160 199 183.01 183.02 183.03 203 199 217 202 183.08 195 267 324 352 327 299 306 298 304 340 449 383 449 450 439 404 449 500 571 573 575 610 588 580 566 585 683 722 712 774 844 856 865 845 753 754 787 838 839 789 730 702 688 709 687 675 699 740 764 861 864 901 839 844 776 730 687 641 634 635 631 637 642 630 665 688 625 558 639 607 569 533.04 533.05 560 623 662 662 683 793 839 854 888
164 183 183.01 183.02 192 183.04 183.05 183.06 183.07 194 275 227 245 259 259 265 287 378 429 419 520 452 566 558 551 493 431 450 503 553 580 625 660 655 669 660 752 750 790 817 861 897 886 826 827 863 896 858 783 722 720 694 680 675 716 671.01 679 712 748 779 782 784 781 749 762 758 745 710 692 680 653 572 543 553 620 681 613 550 533.02 533.02 533.03 537 574 626 713 751 786 831 873 879 892 915
193 208 193 192 204 202 200 183.06 200 237 314 321 252 254 265 319 337 401 477 480 547 490 585 630 601 559 493 478 456 518 507 557 580 582 672 699 757 805 818 851 852 899 899 878 913 942 969 840 762 750 739 692 677 672 671 677 721 717 705 724 722 738 748 713 716 710 731 712 709 681 640 593 547 542 610 636 635 594 533.01 534 577 624 664 724 720 777 829 854 895 895 910 964
220 260 224 237 237 234 217 200 237 275 371 387 309 329 334 352 426 494 526 571 613 564 667 655 598 529 581 527 469 480 552 626 618 628 667 704 819 813 805.01 833 874 895 908 968 940 940 946 902 803 791 742 715 673 668 657 696 724 739 739 692 695 705 747 698 693 695 687 698 722 680 629 599 600 506 539 576 570 533 548 552 543 566 599 657 680 746 809 832 831 868 911 991
218 212 240 279 269 305 257 248 302 341 423 431 427 451 414 446 521 583 655 682 577 604 679 650 576 595 624 584 500 484 549 663 653 659 633 641 821 838 873 859 848 868 943 922 912 912.01 973 934 834 761 750 776 684 677 667 650 650 696 711 668 669 686 713 705 683 685 678.01 690 698 679 623 595.01 607 494.03 527 541 501 494.04 586 641 655 629 613 606 635 715 725 768 836 882 932 1032
194 223 264 290 314 320 358 347 404 434 480 465 512 518 501 538 621 675 716 650 577.01 649 667 622 594 646 661 614 539 500 586 621 598 598.01 612 658 760 870 895 884 865 893 940 908 930 955 985 901 806 781 819 760 700 714 670 656 647 646 669 650 654 687 681 680 693 683 678 708 722 672 624 619 595 513 494.02 494.02 494.03 565 654 692 732 747 738 717 665 689 761 780 876 925 945 1058
184 222 293 318 359 391 402 408 455 516 569 537 563 613 645 663 744 714 703 659 601 660 707 709 704 700 654 578 506 550 535 562 622 619 610 655 706 828 904 908 912 882 900 932 984 993 987 891 841 829 799 773 723 673 662 689 682 641.02 641.02 641.03 649 659 679 679.01 682 703 757 638 623 610 605 636 606 494.02 494.01 528 592 652 700 780 787 771 728 754 736 778 854 907 969 986 980 1028
181 251 316 348 400 431 439 449 501 515 592 559 575 604 619 646 755 757 714 670 641 631 686 748 706 662 594 529 522 590 624 576 601 659 662 702 732 871 926 922 931 903 917 950 1011 986 979 852 813 775 750 723 686 711 704 707 675 641.01 641.02 641.03 646 654 690 701 729 756 751 663 583 558 578 622 562 494.02 494.01 494 537 572 593 687 740 758 731 731 741 807 878 922 1019 1053 1057 1086
193 285 334 378 433 505 488 473 517 526 551 566 559.01 562 621 691 823 776 743 735 700 655 707 720 677 634 613 566 587 657 639 611 596 610 643 750 789 873 969 964 914 917 933 964 1021 1023 939 832 775 730 703 699 753 715 674 647 641 654 641.02 641.03 642 668 720 758 783 743 667 629 576 538.01 538 547 517 518 561 515 490.03 503 534 583 739 724 697 743 738 796 878 921 1018 1069 1054 1069
233 270 336 385 448 477 484 494 549 524 576 580 569 618 682 744 811 793 768 768 743 682 723 701 671 664 650 639 597 671 682 648 602 596.01 630 679 842 899 963 930 945 921 980 1015 976 955 930 812 761 731 726 786 786 708 656 644 638 679 654 655 691 716 783 759 733 680 636 571 543 545 552 517.01 517.01 546 625 555 490.02 526 503.01 516 691 707 688 715 749 814 844 934 965 987 980 981
189 249 341 365 365 442 445 506 579 554 611 566 581 662 722 757 814 810 796 797 756 702 742 744 691 702 692 668 656 673 705 692 612 609 680 722 858 897 942 957 951 993 1022 991 914 884 893 784 733 744 768 780 741 692 655 631.05 631.05 643 652 697 748 784 766 725 703 673 628 583 551 583 559 517.02 520 612 645 520 490.01 571 554 507 535 630 699 722 742 818 859 911 919 896 888 900
