data/xf_ws/xf_ws.demraw
ncols         177
nrows         146
xllcorner     799600.00012
yllcorner     2647174.38755
cellsize      200
NODATA_value  -9999
[rows 41 to 81 of 146, columns 0 to 91 of 177]
238 215 309 334 363 445 447 454 462 486 536 558 587 641 686 759 839 884 872 864 835 767 812 845 790 798 728 664 664 723 726 751 720 660 649 760 844 827 943 969 993 1072 1011 947 903 811 791 806 808 804 790 719 703 660 638 633 631.04 640 691 744 714 695 678 669 661 642 605 584 566 556 517.03 537 586 679 630 492 490 543 618 606 553 555 598 671 717 749 779 865 822 823 806 795
297 271 266 312 382 453 433.01 481 497 511 518 541 616 725 718 811 871 870 895 895 883 832 836 879 831 826 747 687 719 733 776 828 767 706 729 826 787 842 906 913 1018 1086 976 904 859 849 895 865 837 781 745 759 740 680 644 631.03 631.03 636 694 674 668 681 673 689 649 629 629 615 622 554 527 576 642 705 661 568 456 470 607 611 572 587 600 698 699 738 799 848 776 767 729 758
303 338 270 341 386 440 433 497 533 574 601 565 604 704 723 779 879 877 924 937 921 930 919 931 876 837 793 723 789 799 813 863 816 710 750 773 809 808 833 921 1020 1075 988 953 917 919 967 872 813 821 803 767 707 677 649 631.02 631.02 631.02 634 647 660 647 656 673 683 675 644 647 600 544 579 614 637 678 658 567 454.03 512 527 513 565 635 665 663 683 755 821 796 752 720 716 784
339 345 283 333 373 397 445 485 501 560 639 628 630 688 724 735 806 814 872 926 918 935 946 954 932 896 811 737 826 854 860 920 837 814 762 784 860 819 846 916 1025 1098 1021 988 976 937 915 845 849 850 789 748 699 705 696 677 631.01 631.01 634 614 578 591 636 637 672 683 658 611 556 549 615 685 704 668 634 585 454.02 479 482 482.01 520 573 667 657 668 698 712 703 693 702 746 782
382 349 307 310 333 383 448 485 518 574 634 692 725 676 740 838 795 824 843 861 869 903 956 931 967 905 818 765 860 898 868 907 857 802 786 826 889 869 898 922 1033 1107 1034 1023 970 965 851 819 803 774 746 686 670 704 667 643 631 658 665 580 558 604 641 622 672 720 664 601 549.01 573 640 693 729 664 650 582 465 454.01 484 542 549 570 597 655 689 651 641 677 671 700 763 777
396 368 370 354 320 410 462 505 556 602 684 768 761 711 740 753 785 842 842 860 860.01 888 903 931 963 940 841 811 855 871 895 874 866 834 849 818 880 923 973 973 1018 1090 1093 1009 931 890 911 878 892 818 765 741 662 637 625 625 658 653 640 550 550 552 621 648 720 720 658 572 615 642 643 691 657 616 580 554 502 454.01 454 471 526 528 574 585 615 607 630 640 646 699 735 754
407 411 388 389 334 387 472 528 546 616 828 824 797 799 873 850 800 846 884 877 863 951 914 903.01 903.02 908 872 888 897 882 916 938 932 901 882 866 845 859 873 905 966 1023 967 932 962 961 998 856 822 816 804 737 681 715 695 618 568 563 596 534.02 534.02 583 690 751 827 704 630 659 708 740 744 699 653 581 526 471 523 544 477 381 358 440 511 543 581 625 682 726 669 669 690 756
421 431 403 437 411 352 437 499 536 580 808 825 815 873 953 887 838 874 877 897 905 969 931 955 962 943 888 882 913 958 915 906 912 959 937 896 875 860 870 883 923 1001 988 996 1011 1037 972 839 788 734 708 692 690 751 744 683 641 548.01 558 534.01 578 629 689 759 806 704 670 758 761 811 799 760 685 552 495 451 490 537 515 451 404 335.01 452 572 607 645 721 735 693 755 744 745
446 429 439 477 429 391 398 478 525 598 701 802 841 905 927 870 826 916 930 913 882 866 857 883 939 951 922 935 949 918 877 833 889 986 986 897 874 883 907 916 899 1007 1006 958 938 959 915 842 802 790 761 715 717 724 681 665 591 548.01 548 534 548 568 623 685 721 717 715 787 809 767 732 710 690 578 515 429 420.01 426 469 402 335 382 451 506 613 648 663 673 666 718 780 778
449 431 464 488 475 442 421 457 498 618 725 781 775 828 854 834 792 822 854 825.01 825.02 837 878 929 1001 999 973 907 899 873 835 800 859 953 1000 909 913 933 908 956 927 985 1047 1012 955 920 870 819 807 781 716 702 708 720 694 677 621 634 596 505 470 504 563 593 620 691 788 784 735 716 690 640 640 574 485 422 420.01 420 384 339 315 370 368 462 512 594 594 572 633 687 767 785
428 430 453 497 494 484 443 430 487 631 656 664 643 700 712 720 721 770 825 882 891 855 909 1026 1039 996 981 920 871 851 791 807 890 927 999 972 940 1001 948 979 966 1052 986 944 930 954 936 890 805 735 673 691 732 719 639 615 599 665 584 501 457 491 542 615 664 717 803 780 708 660 647 591 541 555 490 427 435 433 360 366 326 312 291 355 413 391 481 544 624 638 680 697
453 451 473 513 500 502 442 430.01 494 542 566 538 609 686 784 842 827 837 870 899 950 992 1027 1008 979 985 966 942 870 777 751.01 800 835 900 938 967 1034 1055 1033 1053 1084 1092 983 935 932 877 812 808 745 718 720 660 599 569 536 490.01 527 540 560 452 446 498 569 642 725 833 893 805 755 707 662 587 511 462 427.01 427.01 508 540 455 460 444 383 325 260 289 422 466 486 487 502 531 563
457 459 472 463 445.01 501 440 451 495 529 529.01 568 687 819 863 827 803 832 820 843 927 1000 992 955 911 947 950 919 847 751 775 859 868 884 916 974 989 1067 1107 1088 1132 1119 994 1008 1021 923 859 787 769 729 742 685 636 656 602 500 490 482 546 476 445 502 589 682 745 810 895 803 771 783 724 644 593 497 430 457 552 524 424 376 343 294 243 298 347 430 442 402 476 527 565 560
486 464 474 473 445.01 445 445 440.01 514 575 585 616 676 693 727 734 794 802 778 792 848 927 893 845 849 907 870 806 744 756 791 799 813 849 886 945 978 1026 1114 1149 1086 1055 1006 990 989 991 937 873 835 808 770 713 705 685 595 527 530 466 470 430 455 497 584 712 800 855 888 864 843 762 682 611 561 470 437 513 586 539 395 326 267 234 280 367 380 365 373 375 415 441 472 475
468 465 467 446 445.01 445.01 453 440.02 504 556 588 613 639 637 698 768 765 752 740 752 813 885 812 753 741 855 808 738 730.02 780 812 763 794 827 885 886 998 1077 1131 1086 1038 1030 943 904 878 958 939 860 868 852 812 742 668 609 536 511 478 490 427 435 463 527 629 717 824 859 835 889 839 763 681 583 534 530 466 523 609 553 458 379 284 231 226 297 283 299 326 326 322 369 426 490
474 461.01 461 467 445.02 468 482 486 465 506 548 553 583 647 752 749 724 707 698 731 810 835 770 712 664 769 730 730.01 789 829 856 753 784 849 887 884 1019 1114 1054 1034 985 1012 919 823 835 882 901 774 788 756 709 675 591 545 510 467 464 422 422.01 436 485 513 672 792 858 801 770 860 814 746 672 640 625 551 480 531 611 555 513 419 335 279 229 221 243 279 258 307 379 425 457 490
491 484 464 454 445.03 476 503 486 465.01 517 527 556 603 737 750 706 633 652 639 727 746 790 721 661 635 629 742 749 813 833 793 723 791 855 813 865 931 1039 977 915 868 982 911 836 768 773 820 707 673 604 602 583 506 475 475 440 411 462 499 530 561 595 759 801 750 701 733 808 823 783 782 757 645 544 496 562 650 616 561 466 340 271 247 207 208 208 266 315 401 450 486 519
459 475 472 452 461 462 489 508 474 505 508 545 618 694 675 673 586 587 615 652 657 722 693 630 598 607 719 771 828 817 758 716 756 762 782 842 964 1001 949 928 832 879 916 846 747 717 728 675 604 559 566 523 477 468 430 408.01 417 488 592 621 627 595 710 709 655 693 766 838 878 844 821 785 692 588 528 588 653 612 531 411 306 270 250 218 206 205.05 230 283 342 375 418 445
490 475 452.01 452.01 473 492 491 492 474.01 474.01 501 547 607 640 592 634 566.02 566.02 567 596 598 629 613 586 587 631 703 749 798 777 719 714 800 822 864 882 949 955 880 798 795 842 859 819 743 655 599 599 543 514 472 455 446 441 415 408 477 588 654 690 615 566 631 613 690 725 766 865 918 916 886 801 704 615 557 606 604 534 470 385 362 306 285 222 207 205.04 237 295 397 419 432 371
488 475 452.02 469 490 498 486 477 476 474.02 493 528 541 560 554 602 566.01 566.02 566.03 566.04 575 576 579 581 598 625 686 711 746 723 711.02 711.03 742 776 813 825 937 937 855 750 720 798 766 764 689 626 513 518 460 425 421 431 441 419 401.01 437 499 634 657 618 600 563.01 587 656 734 799 814 853 854 941 901 801 741 706 592 648 631 569 548 459 402 329 309 245 211 205.03 206 269 361 382 405 353
461 458 452.03 488 496 486.01 490 528 527 514 534 493.01 503 503.01 527 566 566.01 567 594 576 586 608 592 618 629 615 656 681 711 711.01 711.02 724 810 817 809 853 918 905 862 726 679 675 680 684 630 541 503 443 425.01 451 414 408 400.05 401 446 506 535 577 594 595 582 563 623 659 670 697 737 785 838 916 935 832 768 669 616 681 615 564 508 496 441 364 320 250 216 205.02 205.02 209 310 289 289 270
464 467 486 473 491 509 486.02 491 512 521 512 536 548 563 531 570 566.01 613 589 576.01 608 662 630 653 657 615.01 633 681 712 732 730 740 799 862 868 851 924 917 885 802 733 610 591 584 596 480 464 469 474 466 440 400.04 400.04 426 441 476 565 593 591 571 545 536 571 603 681 776 825 871 882 958 935 892 786 646 605 570 526 498 420 360 375 382 310 223 221 223 205.01 205.01 219 220 224 203
483 497 488 492 511 499 486.03 491 515 512.01 556 521 545 574 564 602 580 604 576.02 576.02 594 695 699 688 626 615.02 635 700 692 748 729 752 781 811 768 848 879 851 833 777 681 654 549 519 503 473 490 522 507 493 448 433 400.03 407 431 476 559 635 642 581 519 556 625 665 679 737 847 944 944 957 927 869 754 607 549 495 483 450 413 324 330 332 290 237 213 208 208 205 209 199 208 189
491 500 518 508 494 493 486.04 497 513 517 547 533 535 576 628 628 587 610 577 610 595 690 703 663 618 615.03 656 674 699 732 689 721 783 785 717 779 764 742 780 738 646 586 537 556 567 509 513 524 532 493 434 426 400.02 416 426 486 538 648 618 565 512 547 619 677 767 779 817 936 965 900 885 850 744 644 610 563 459 373 332 301 285 296 265 231 211 218 224 221 197 194 190 190
524 528 537 521 520 508 494 491 507 517 527 543 542 567 608 654 595 591 596 617 600 627 657 621 619 615.04 625 648 702 759 681 728 784 737 685 763 726 664 685 657 619 587 604 653 585 546 519 569 552 514 432 400.01 400.01 422 440 454 505 541 506 494 528 600 660 678 786 841 869 960 967 912 845 794 739 688 664 575 487 423 365 334 282 264 238 241 233 228 242 233 230 228 209 210
578 608 612 546 514 508 491.01 493 497 546 520 553 551 586 635 648 592 618 630 611 630 634 697 666 657 646 655 677 729 730 657 636 705 696 661 657 662 602 608 621 603 673 671 701 622 558 521 575 560 499 451 449 400 442 463 498 521 449 463 460 537 635 702 739 765 869 913 930 924 873 835 822 783 703 607 550 463 468 357 362 341 331 290 287 299 258 269 272 258 286 258 234
469 541 556 562 526 510 493 521 534 586 551 566 587 635 630 641 624 679 678 660 677 646 615 594 603 561 581 631 717 656 586 537 561 613 562 527 551 598 642 659 699 785 786 684 667 616 563 560 489 446 425 395 387 444 466 453 436 442 425 469 534 575 648 701 760 871 875 850 814 788 742 746 738 711 637 555 538 490 437 441 442 381 392 385 346 315 325 321 335 331 292 297
405 465 498 542 540 509 511 534 557 602 565 594 597 649 669 644 657 680 698 669 620 581 572 548 554 536 581 644 700 615 554 486.02 509 504.01 504.02 558 607 674 723 729 760 848 778 781 722 687 598 542 503 425.01 428 402 383.04 399 422 424 416 392 427 485 490 531 596 653 656 830 871 807 765 704 674 650 698 680 601 559 549 521 491 523 478 461 459 443 403 355 360 388 410 366 331 328
368 395 438 503 535 521 534 531 580 603 599 624 648 674 690 660 653 615 597 592 556 558 505 526 512 493 614 632 573 535 501 486.01 504 534 573 642 679 734 788 793 816 882 855 811 798 710 631 512 471 461 453 445 383.04 383.03 383.02 392 431 383.01 414 441 460 502 557 613 662 751 868 800 809 723 691 634 651 687 619 590 592 599 568 566 562 521 475 472 434 396 418 399 420 395 330 295
332 346 414 466 518 540 544 540 582 623 643 658 696 722 717 681 641 570 534 529 513 483 457 524 464 488 524 491 467 467.01 486 546 581 613 643 689 746 786 839 838 884 919 841 796 742 696 612 538 493 492 448 449 408 420 400 383.01 383 390 406 430 479 509 566 595 647 768 784 761 751 700 662 622 644 679 681 651 645 619 562 561 549 530 474 420 411 411 383 392 351 377 317 280
321 345 364 436 464 562 539 557 581 628 697 702 698 690 694 653 634 565 512 486 475 439 446 478 477 461 436 437 482 509 540 596 615 655 692 709 786 842 869 911 982 959 867 800 714 633 589 547 525 495 456 441 439 459 406 397 383 380 382 418 495 515 540 606 658 788 709 674 647 664 631 591 630 679 714 692 647 612 544 517 506 511 455 402 392 384 377 365 363 314 276 259
300 320 348 422 422 520 508 538 563 607 660 672 656 660 653 613 591 591 530 494 449 404 437 452 425.01 425.02 472 539 577 554 532 612 602 626 670 713 817 843 905 947 1000 926 861 784 702 629 634 556 517 490 469 439 430 410 396 377.02 377.01 396 384 412 425 480 565 644 703 764 694 610 583 593 578 587 607 639 689 656 636 611 545 483 472 500 454 399 400 377 364.01 366 295 288 272 289
307 322 359 381 425 483 458 494 523 530 596 618 605 607 589 576 537 524 513 476 404 384 392 425 520 563 628 677 652 545 532.01 608 644 644 666 705 767 834 935 949 939 938 811 746 685 659 619 544 510 467 450 447 443 425 390 381 411 377 365 363.01 426 496 526 557 653 736 687 615 587 555 545 529 558 668 621 630 577 529 491 484 460 445 418 378.01 378 380 383 364 388 382 363 346
315 355 346 400 421 466 429 463 490 529 531 541 534 565 535 533 482 474 464 403 370 396 450 555 554 625 696 696 635 544 575 599 625 655 694 736 805 873 921 915 900 989 923 838 761 727 631 610 553 529 490 476 465 435 417 402 405 421 393 363 387 438 490 567 642 714 698 604 555 553 491 566 579 639 602 585 534 517 518 484 445 392 382 389 421 434 421 409 395 355 333 373
303 303 367 395 405 433 402 430 453 490 497 477 499 510 510 475 446 436 349 357 375 448 564 648 607 650 713 721 644 560 555 620 621 659 684 710 755 871 861 859 896 946 916 833 757 699 659 595 543 585 579 556 517 495 443 423 418 418 429 383 362.02 415 523 589 641 637 701 597 590 523 470 560 603 595 585 547 542 489 491 489 447 451 428 409 413 430 438 428 377 350 385 332
294 303 365 358 388 388.01 392 449 448 471 501 461 500 471 497 432 398 322 343 363 423 549 657 704 696 683 753 696 644 581 555.01 581 599 611 635 677 745 860 847 836 870 943 926 800 728 679 683 626 608 623 633 624 613 547 478 470 422 429 451 406 362.01 380 412 532 567 628 607 626 565 468 466 515 554 585 570 540 510 509 470 477 458 431 418 430 447 465 369 373 352 372 351 297
272 294 356 407 415 420 409 441 472 519 524 455 466 446 435 394 309 329 376 418 491 658 704 736 736 689 747 678 634 589 555.02 575 596 611 661 681 696 776 791 828 846 927 892 838 774 759 774 644 677 727 706 687 636 552 564 493 426 415 435 438 401 362 386 495 570 525 548 582 521 422 430 450 505 515 583 544 519 495 486 468 462 435 447 443 452 409 356 309 310 351 304 280
287 287 338 376 337 388 430 494 509 503 494 416 362 368 326 287.02 329 416 495 520 638 689 718 753 795 772 741 722 676 623 581 562 600 635 648 641 661 713 812 828 845 886 914 907 912 915 827 704 760 737 723 676 647 655 637 562 448 392 380 401 413 387 354 440 431 487 566 510 436 379 291 419 399 482 515 573 545 525 457 437 402 463 487 431 400 324 319 280 287 297 253 228.02
272 255 319 306 335 375 414 456 455 433 455 416 360 330 287.01 314 369 514 580 653 702 696 720 754 812 822 756 742 704 652 635 567 599 587 596 606 645 694 805 838 838 897 952 971 932 908 847 774 774 716 695 696 637 606 618 585 473 361 340 358 352 355 315 352 410 506 524 426 349 330 277 361 318 465 503 578 580 515 454 454 399 372 402 353 325 311 278 285 285 288 272 228.02
274 248 311 262.01 305 368 416 421 378 366 388 359 316 287 289 374 470 564 625 687 716 730 765 800 851 873 802 802 728 676 638 574 567.01 577 592 605 671 719 812 830 817 891 877 946 947 848 807 738 719 688 644 638 596 564 591 548 465 355 381 335 352 334 301.02 377 411 430 483 363 287 248.01 302 272 343 425 454 545 537 514 470 464 377 306 339 305 300 287 290 260 253 250 250 252
243 278 300 262 300 355 366 399 363 321 303 292 267 280 343 398 498 574 685 749 742 806 832 875 915 934 858 813 740 687 673 592 587 585 595 630 694 752 833 802 805 867 847 939 909 830 800 731 706 670 622 622 577 527 507 463 416 402 366 325 310 301.01 301.01 339 361 434 432 302 248.01 248 278 260 337 378 506 462 490 461 401 367 314 289 269 333 286 264 245 253 234 235 247 279
