data/xf_ws/xf_ws.slope
ncols         177
nrows         146
xllcorner     799600.00012
yllcorner     2647174.38755
cellsize      200
NODATA_value  -9999
[rows 56 to 83 of 146, columns 63 to 125 of 177]
20.59628 8.179009 18.15249 17.71705 11.78952 13.70695 17.31855 19.79238 22.893 20.69242 18.47012 4.170267 19.87863 8.055671 17.77167 23.45565 27.17814 22.63829 13.88438 4.085426 8.477473 12.39858 12.0997 10.34978 13.12311 16.45684 15.96878 13.83659 10.89716 8.099728 14.22236 19.45016 25.15264 29.79552 31.53504 28.09185 13.34415 18.78334 21.38651 19.4461 15.50342 12.5099 12.07962 9.051043 4.97111 5.706381 7.531273 8.92475 10.63741 11.94732 12.89349 13.19086 7.262235 2.147585 8.669761 14.36319 15.30013 17.97429 18.15268 16.66223 15.73921 13.96271 6.785342
12.33078 21.54995 14.81355 15.38261 11.87284 9.161178 17.23088 20.01725 22.93908 25.95953 21.66989 6.795906 20.54851 8.953054 15.18875 21.88305 27.85173 22.87909 12.30388 8.526679 3.940665 5.643668 9.346604 12.51194 17.85948 17.42899 12.97714 11.42006 10.3347 18.58133 25.63149 28.99503 31.62225 30.89067 25.25849 18.61168 8.900491 12.39829 15.08738 15.12209 15.19167 18.33342 19.18651 16.21204 11.41495 5.890498 5.383676 7.49123 7.075652 4.132538 5.495709 10.91519 6.416429 6.025636 6.277777 12.56714 14.27395 16.40594 15.77807 13.03179 11.52966 9.193984 4.897256
19.51886 10.08959 9.988207 19.18651 18.16888 13.42445 17.39292 16.17252 21.46815 27.31979 22.9275 8.431657 16.1263 4.766604 19.14952 26.02677 26.92283 19.16245 10.98322 9.986851 7.676878 1.541142 5.024227 12.74951 18.13714 15.6061 10.52603 11.62205 19.8306 27.20709 26.9535 25.37944 23.3658 19.43387 13.34951 9.565001 5.768132 7.395051 8.529744 8.930845 8.669797 9.497458 9.180634 8.24464 9.895419 11.77163 13.69759 13.18269 13.42001 10.75763 10.375 12.10678 10.73338 9.569717 7.415985 9.747876 9.904589 8.680692 7.833708 5.996833 4.365641 3.430325 2.448044
9.16253 14.35728 16.7733 18.19379 16.01302 7.342967 9.255076 17.63083 22.79929 23.73039 23.63474 11.14789 10.78023 7.154043 16.75423 20.87708 21.27771 18.09858 14.30036 12.88826 11.32756 3.376035 2.907485 11.57692 20.17607 15.84326 6.809225 4.427257 17.86521 21.3026 19.88679 18.79997 15.54919 11.75556 7.452309 5.486713 3.194808 2.78454 2.040613 3.008668 2.47375 4.459607 4.404497 4.99901 6.497561 7.702047 5.292233 4.437589 8.04155 9.192905 9.26163 6.79498 8.461886 3.069325 1.25119 3.056762 4.204004 3.493018 3.168318 2.95263 2.404899 1.796616 1.183074
14.20759 15.26149 11.33326 13.18278 14.97856 15.07631 5.781276 17.22561 23.3737 19.91166 21.80551 9.634856 8.969396 13.00413 14.75329 16.95882 19.8328 19.71592 15.62934 13.96407 13.73264 5.325457 0.8852951 9.502318 21.93759 19.94194 17.37046 18.38863 19.8846 17.10549 11.39491 8.73509 8.350429 6.495326 4.518258 2.912859 2.135632 4.339009 2.482009 1.025329 2.60127 4.164462 4.364741 2.038982 1.827874 2.209207 2.112868 3.473905 5.1272 7.08417 7.522616 7.162037 6.934562 2.077837 2.146353 1.874674 1.114744 1.343779 1.309447 1.076174 0.7737063 0.4516718 0.1966509
13.77328 15.11591 12.97511 11.49727 10.90523 15.58825 10.94023 14.48504 23.44736 22.96135 21.70949 5.603643 8.93418 18.21148 18.98595 19.72041 16.69356 13.53658 14.30291 16.44115 13.91404 4.677371 2.225207 2.583889 16.23366 20.10534 22.01834 23.00166 21.14983 15.8506 9.066747 4.573111 4.358398 3.028915 2.078998 2.715742 2.98907 2.869986 3.077518 2.581531 2.935148 4.265347 3.056275 1.1553 1.178585 0.8219536 1.901181 2.387433 3.949063 4.702188 4.318135 4.300817 3.384587 1.203865 2.647498 1.809854 0.2406715 0.05304198 0.1777092 0.6532995 0.8727354 0.507428 0.41682
11.37269 16.05547 19.27665 21.82999 21.13357 18.01873 9.189266 10.9741 21.80498 29.85933 25.04591 15.96162 20.98591 21.85274 20.51271 22.68909 20.55866 15.15785 12.54254 18.56457 12.81038 2.708596 1.730038 1.265562 6.094584 11.09395 12.75531 11.95945 11.69336 8.560625 4.535261 2.324602 1.908262 3.308101 3.69192 4.053096 6.984777 8.477757 6.946812 2.833124 2.938629 4.396111 1.913693 0.7112738 0.4167452 0.8657347 4.347589 4.491154 3.658493 2.260242 2.596842 3.158513 1.376064 0.6481214 2.895097 1.390864 0.07451891 0.2678715 0.1471156 0.7684333 0.2070804 0.867102 0.3368928
16.10736 16.94216 18.54066 22.66136 15.66158 6.749633 3.683506 12.47321 22.41318 31.60081 24.41088 13.39416 13.01709 15.41629 18.98944 20.10577 13.78851 11.53945 12.28888 15.60201 10.60408 2.612553 0.4665639 1.907206 1.109668 2.115628 3.864247 4.096323 3.262768 0.395592 1.939593 3.223968 2.730091 1.030035 4.07275 4.99653 4.043479 3.898425 5.05064 6.61443 0.8958895 5.911067 3.046227 0.5070232 2.14544 2.596685 5.753945 0.8593723 4.573921 3.183997 2.232326 1.103082 2.542448 3.003407 2.856297 1.178161 0.1540078 0.002865401 0.1377638 0.6976972 0.8760343 0.5474348 0.002865401
17.50974 18.96406 16.91551 22.43691 17.25613 3.873801 11.79353 14.62395 20.96209 25.99991 20.78835 18.97477 20.94007 19.9324 15.92874 13.23691 9.609062 6.064922 9.459766 10.60396 6.825468 3.34017 3.528932 4.156504 4.596382 4.233293 3.138344 2.263636 2.400793 4.6778 9.496765 9.931254 7.96239 3.722389 2.084468 0.1514354 0.04764814 2.125047 3.252028 5.31458 5.413955 3.187605 4.757266 5.073914 4.186923 2.095958 6.034805 4.2492 5.308279 3.42577 1.945722 0.257117 0.6855179 1.543416 1.232185 0.4870633 0.08915477 0.002865401 0.002863215 0.002865401 0.002865401 0.002863215 0.002865401
17.56107 19.83988 15.89433 18.4249 12.59838 7.872562 15.30013 13.0526 14.38973 18.90475 16.86644 16.09734 22.0935 20.02012 18.1618 14.41663 10.82787 9.664409 7.803633 7.461051 8.237224 9.939142 7.582997 6.524948 7.725153 9.438962 11.20013 10.17406 8.088003 9.346643 11.6762 9.946574 12.29898 7.990529 5.846286 2.955442 2.626792 5.304266 2.861924 2.376821 6.270127 5.244371 3.018641 4.750915 7.235209 0.3839518 3.729397 3.019952 4.320615 2.75684 0.7742378 1.433031 1.92078 0.1280107 0.002865401 0.002863215 0.002865401 0.002865401 0.002863215 0.002865401 0.002865401 0.002863215 0.002865401
12.81964 20.33599 17.21092 8.189682 13.07896 20.07155 21.38091 16.03736 10.37418 13.35888 18.27279 19.83872 19.42478 14.3425 17.52502 16.46534 16.01893 19.82703 19.98875 19.89308 19.16171 16.64197 13.25646 12.10728 12.84355 14.11561 14.00807 13.65408 12.74157 11.09253 4.462458 2.592386 8.635838 4.58343 3.822039 7.454356 7.719579 5.249386 3.295846 4.448642 2.031136 6.866975 9.475543 7.296698 6.95805 2.537121 3.30558 3.439012 3.088457 0.8385938 2.010497 0.8732256 2.067408 0.4229275 0.720998 0.4937584 1.149439 2.048647 1.829329 0.6998641 0.1418142 0.002863215 0.002865401
17.99725 24.59287 21.66795 8.741918 17.25245 22.80893 24.62684 23.31039 20.27604 13.97314 17.16991 20.13346 14.23845 12.08002 17.03162 18.08887 20.34554 20.67576 20.2723 21.37824 20.59644 18.25634 14.22626 14.01541 16.65489 17.35872 14.67036 12.57403 9.822038 6.569409 8.308239 10.74068 7.594123 0.8404915 3.793716 4.253692 3.175563 1.701881 4.499076 5.946122 4.541519 0.1805169 4.581844 5.745078 4.463211 1.873582 1.371448 1.378387 0.9959099 0.002865401 1.146402 1.685353 1.206446 0.6349086 0.05299897 0.6978989 2.984638 4.925366 5.857472 4.160178 1.341636 0.2942381 0.002865401
17.24903 25.86 27.31788 6.591237 12.35216 12.91694 14.57115 12.9314 12.74929 11.2983 12.71527 17.21138 8.994263 10.08178 16.35576 17.42237 17.41035 19.11427 17.80071 14.07872 13.97822 16.40937 12.82983 12.44355 12.41692 11.11373 13.50569 8.925562 5.363156 13.74665 12.00846 5.42814 5.445557 6.923684 4.160931 1.252757 4.78788 3.334815 1.571492 5.817904 3.600735 2.277698 4.043339 5.500834 5.793076 4.955886 2.563658 0.2607097 0.1863762 0.002865401 0.002863215 0.002865401 0.03348501 0.5264862 0.7206266 0.9621248 5.563709 6.649085 6.240195 8.192505 4.91798 1.435929 0.2947458
13.48559 21.83321 26.42291 10.2762 11.35813 11.56541 14.62073 11.13827 5.096173 8.4145 4.51347 14.87667 13.59705 13.54729 14.34776 10.74386 7.874309 10.93118 12.31465 8.476004 7.206508 9.012589 6.285535 3.856984 1.274943 4.018465 10.52987 12.03964 8.974513 13.09253 8.951797 2.071907 9.994703 3.543241 5.102394 3.808111 5.777516 4.69098 5.714457 5.453336 0.8854982 3.289813 6.254875 5.684713 5.97149 6.666229 6.950038 3.119467 1.516802 1.797583 2.609533 2.178297 0.8917743 0.2739461 0.8159503 2.771635 4.554014 5.078923 2.23748 6.107056 7.113464 2.498666 1.45928
13.58332 22.61061 18.59831 14.52712 20.64208 18.97803 16.08817 13.62517 6.556546 9.62819 4.954738 11.19393 13.73212 9.313349 10.56751 9.161989 6.816982 7.299953 10.7434 13.92127 10.83091 7.133825 4.926212 4.96242 6.50967 8.680119 12.91249 14.54879 8.044811 9.008731 7.734186 5.556283 10.86974 8.214188 10.69094 8.487731 5.713916 1.174486 1.350954 0.8236331 3.535694 4.2728 4.850352 2.913737 4.6778 7.046085 9.667074 7.441224 5.374596 5.163165 3.996788 3.616492 2.744722 0.822368 2.890226 4.540383 2.272091 3.193609 6.369873 4.318725 5.958777 2.694769 1.269532
16.70041 22.88881 8.313624 17.78908 21.20704 20.61975 16.78902 13.56361 6.814951 11.36498 10.86167 0.8667988 7.940863 8.458206 13.43863 13.85696 10.54697 9.344524 8.892816 15.32781 9.010938 3.650117 4.850635 4.26297 6.455029 10.59391 12.75597 9.477002 2.947313 5.62466 8.257514 9.612265 9.997939 10.9652 12.28378 12.75775 6.691252 5.987778 4.654788 3.025742 2.911921 4.548553 4.572253 4.936511 7.553865 8.253108 10.41172 9.404308 5.616055 4.145767 2.693999 2.482009 2.856625 3.743251 4.781531 5.20796 4.025117 2.873991 4.098516 6.126035 4.838838 3.081801 1.652137
18.45565 20.90575 5.254263 19.43951 15.14167 10.83407 13.03087 12.69789 10.29268 13.89428 12.77889 9.200449 12.67366 13.8094 16.37934 15.84071 9.613815 6.818643 8.906208 14.44099 8.287642 2.936471 2.988369 2.055614 5.350603 7.909319 10.41384 12.02518 13.32851 15.64136 16.80757 15.72596 8.541598 7.45281 5.322388 11.92257 10.38919 9.889689 10.81747 11.01406 8.858257 6.078862 3.897417 2.47168 3.490396 5.284101 5.747037 5.465199 2.593393 2.048127 2.541588 2.794621 0.3646798 2.717524 1.406138 3.045723 4.142387 4.529502 2.102194 2.683923 3.711259 2.472067 1.07798
21.07138 22.80599 6.934978 17.62348 15.88851 7.614152 8.805797 8.505188 7.560496 14.38253 9.161583 9.571586 13.7481 16.86881 14.78504 10.30377 7.632223 7.902995 12.53026 12.4739 4.239303 3.326559 6.904231 7.988045 9.140243 11.46563 11.46213 9.860115 9.898905 7.914375 4.183984 3.33864 8.088543 4.276374 5.906274 3.244779 6.615656 8.301318 7.761676 6.864067 5.943485 2.24148 2.021071 4.89025 8.271674 10.20494 9.090549 5.326159 4.502468 4.070121 2.322233 1.648355 2.51274 1.540452 0.2264803 1.429679 3.086222 2.429956 2.086264 1.971416 0.002865401 0.3418415 2.94799
19.00826 18.29155 10.07714 13.7412 17.26796 8.5331 11.32047 5.549831 11.43336 11.43315 5.868993 10.59772 11.49643 12.42536 7.280675 4.160485 7.864934 9.279794 6.673848 4.585936 3.912383 6.722227 6.855264 8.323815 7.234153 6.004625 5.378259 0.6485165 2.480463 10.36885 14.23058 14.40045 13.36968 10.17395 10.45349 8.733809 6.296968 5.464271 7.704224 8.148129 9.000606 7.230855 4.629179 4.648908 4.6778 2.961154 3.199601 4.561952 5.225221 0.9309745 2.672077 2.571106 0.8608627 0.679639 0.5588923 1.496186 2.021071 2.697141 2.215003 1.031049 0.002532912 0.6772019 2.759749
20.14707 15.17654 14.0741 11.0362 14.32836 12.66608 15.49052 8.153642 16.28459 9.349423 5.888781 9.025793 9.197083 8.444648 6.448968 4.596382 6.411907 7.889537 6.763791 6.264419 5.317823 6.204898 1.632739 5.811827 8.347294 8.379481 1.713133 3.426561 7.602299 10.32139 11.50878 9.82254 11.57727 9.546772 8.745614 5.205767 2.631573 7.15615 7.783729 4.740141 4.598871 3.87018 3.918288 2.363195 4.2492 1.440126 2.050857 4.738934 3.602976 4.0248 1.382938 3.679293 4.803385 4.922617 4.383212 2.548405 1.20784 3.764338 3.353117 1.166713 0.002026917 0.7576942 3.447889
24.49355 15.39153 16.14836 15.14946 11.85427 20.7385 17.80349 11.70897 18.1658 15.8588 9.780145 4.981569 8.148895 6.220138 5.879971 3.375524 3.483809 5.822264 4.076062 2.382605 4.816978 3.839428 8.614528 14.62073 14.43613 9.050083 5.213801 11.31477 11.13203 9.497848 11.8202 6.411907 4.58863 2.532514 7.821724 7.952187 3.65326 7.68259 2.895292 1.289932 3.256955 3.212745 2.950346 3.297859 3.681775 1.274943 2.951874 3.643329 2.008919 5.093385 6.07696 5.75318 3.262532 3.003986 3.35763 3.876919 3.679072 2.578588 3.242307 1.452293 0.4952783 1.382343 5.08162
23.90361 18.78682 16.61142 12.84701 16.07871 25.55411 21.90237 19.09143 21.37596 19.70153 17.5484 7.402848 5.872224 7.592902 7.173502 6.455612 6.709225 5.27185 2.806944 6.130174 1.921039 9.671814 17.89292 16.49414 11.73585 11.1146 11.18968 15.51813 12.98367 11.00476 8.990678 4.071372 1.34822 2.133642 6.274037 9.78017 5.269926 8.297388 2.24725 3.520687 4.703059 4.132107 2.113837 3.534373 4.047606 3.33711 3.687413 1.534978 0.420263 1.493449 2.13873 1.678037 0.5428783 0.002865401 0.2370152 1.987293 4.015221 3.705327 2.201988 1.911621 4.911958 5.794972 7.546407
22.85458 19.1759 14.86399 7.976036 23.22733 26.18077 23.06759 17.56416 21.0337 20.29729 21.06323 12.97714 3.145255 9.664409 12.06651 9.588734 8.022266 7.567122 10.00778 9.031288 15.02415 18.28367 17.47828 12.36737 6.517217 5.644834 7.217649 11.41498 6.754834 1.509962 3.063231 6.296968 6.108503 5.41892 2.753145 8.847763 7.597355 4.637761 4.066853 2.581511 3.84341 2.521379 1.13226 3.357323 3.043481 2.756845 1.56575 0.08459677 1.752707 3.43133 3.185775 1.200567 0.002865401 0.002865401 0.002865401 0.0856111 1.03835 1.270832 3.250716 8.011689 8.77198 7.051024 7.138577
14.91819 15.31801 16.90014 14.79241 28.16167 24.33492 16.85779 10.1108 14.38023 18.2888 21.80551 16.81571 10.44007 7.556519 14.28386 9.347438 9.278593 12.21714 17.02313 20.03113 19.70568 14.67036 9.740338 6.007781 4.173929 4.845112 5.191128 6.743169 3.978439 6.314733 4.569438 2.366441 4.2369 6.424701 2.449263 3.233513 5.87417 3.331368 4.32117 2.1648 3.684081 2.267149 1.0879 2.720464 1.007709 0.3410149 1.01174 3.414145 6.086324 5.979761 5.839607 3.979266 0.6947881 0.002865401 0.002865401 0.002530749 0.8466883 3.264403 8.65192 10.45362 8.653572 7.847106 6.716727
13.54197 14.01575 15.21889 17.80709 28.55987 19.211 9.378555 7.215941 9.138694 18.93496 20.4215 16.67794 13.75017 13.08837 15.03899 12.51028 15.79786 20.08235 14.09424 13.01112 8.984048 7.35338 7.055912 6.107056 5.969162 6.780889 6.492997 1.910881 5.939187 5.2846 6.268648 7.033614 5.866407 3.511534 4.411453 2.360161 4.397339 3.712625 2.986932 2.594379 2.849875 1.934323 1.95408 1.449879 1.270829 0.8226426 3.634814 6.710742 7.447975 5.354434 5.993659 6.512687 3.827476 1.792428 0.5945272 0.002024599 2.16853 7.014834 12.44187 12.31465 9.082089 8.920833 7.996218
12.23268 12.31269 8.820457 19.87688 24.51419 8.614344 1.774793 4.670572 9.418544 19.54335 19.26867 13.10999 17.80961 18.90241 21.62532 23.97029 24.77299 19.35156 9.962904 7.608063 3.646971 7.236409 5.585991 5.505151 6.096498 3.982798 2.762416 4.224563 6.517411 3.297859 12.03603 6.154844 4.301302 1.620928 3.967618 3.43768 0.6087875 2.428987 2.702689 2.034959 2.553136 1.072914 1.301133 1.097963 1.117532 3.885703 8.498779 10.55094 10.13544 8.443467 7.495747 7.167599 7.245563 5.611228 3.345802 2.179882 4.783639 10.14459 13.00164 7.852842 2.302311 2.689724 1.0178
6.17116 15.89738 14.75615 20.58245 10.16915 10.93396 9.348799 3.250677 9.485359 19.02962 17.65327 22.04629 25.29143 25.5605 26.60061 23.70392 18.1815 12.28967 7.688448 7.018767 4.900367 5.796791 4.981569 4.555257 5.344928 2.83233 5.574419 4.403052 5.501929 5.464966 12.23578 4.649181 1.421355 3.240535 2.884635 1.840175 1.610734 0.866267 1.337915 1.676861 1.076554 2.009825 1.792199 0.776069 1.220246 9.319476 15.26189 18.86944 19.19334 17.6158 15.32508 10.68459 8.281919 7.648024 7.26765 5.621696 6.131369 8.320305 8.982944 9.528116 10.89974 9.336178 6.785528
8.332497 10.14628 16.38146 10.23615 7.233067 8.431657 14.98473 6.777911 8.452771 16.25222 17.29334 20.09887 19.92733 21.7284 19.66714 12.88398 7.866206 6.271063 6.668751 8.545345 4.349555 3.792996 6.213031 5.272331 5.682402 1.813866 5.575714 5.770763 7.842005 7.950143 8.616261 3.539041 2.57685 1.783459 1.2578 1.617764 1.968936 1.82372 1.883458 1.042465 1.672532 2.205175 2.499074 1.912735 4.745862 14.13986 18.04999 17.53617 16.01691 18.38305 19.04568 13.34415 8.954995 6.825468 6.91773 5.754073 2.875973 5.016237 8.238348 10.47918 9.709399 6.940801 4.083867
