data/xf_ws/xf_ws.dem
ncols         177         
nrows         146         
xllcorner     799600.00012  
yllcorner     2647174.38755 
cellsize      200.00000   
NODATA_value  -9999.00000 
[rows 0 to 27 of 146, columns 0 to 62 of 177]
171.0000 163.0000 176.0000 173.0000 177.0000 178.0000 195.0000 212.0000 230.0000 250.0000 299.0000 335.0000 397.0000 443.0000 519.0000 598.0000 603.0000 658.0000 676.0000 680.0000 616.0000 561.0000 488.0000 414.0000 405.0000 409.0000 300.0000 263.0000 241.0000 220.0000 226.0000 219.0000 211.0000 194.0000 186.0000 190.0000 206.0000 226.0000 225.0000 229.0000 227.0000 216.0000 228.0000 250.0000 261.0000 203.0000 218.0000 270.0000 295.0000 308.0000 314.0000 344.0000 294.0000 286.0000 234.0000 283.0000 293.0000 344.0000 373.0000 377.0000 416.0000 481.0000 569.0000
157.0000 159.0000 165.0000 166.0000 173.0000 186.0000 201.0000 238.0000 269.0000 275.0000 338.0000 391.0000 454.0000 465.0000 520.0000 568.0000 705.0000 737.0000 687.0000 621.0000 564.0000 490.0000 428.0000 375.0000 366.0000 358.0000 317.0000 258.0000 239.0000 251.0000 259.0000 245.0000 231.0000 219.0000 188.0000 196.0000 264.0000 272.0000 260.0000 240.0000 238.0000 237.0000 257.0000 299.0000 277.0000 231.0000 209.0000 236.0000 242.0000 245.0000 271.0000 321.0000 317.0000 263.0000 262.0000 270.0000 298.0000 359.0000 403.0000 429.0000 430.0000 500.0000 535.0000
153.0000 160.0000 161.0000 188.0000 210.0000 197.0000 223.0000 224.0000 253.0000 311.0000 383.0000 450.0000 503.0000 549.0000 595.0000 658.0000 723.0000 776.0000 748.0000 644.0000 559.0000 448.0000 421.0000 450.0000 424.0000 359.0000 298.0000 287.0000 263.0000 297.0000 290.0000 288.0000 303.0000 246.0000 221.0000 220.0000 283.0000 299.0000 311.0000 258.0000 246.0000 274.0000 297.0000 328.0000 365.0000 242.0000 218.0000 211.0000 236.0000 264.0000 321.0000 336.0000 301.0000 262.0100 274.0000 280.0000 320.0000 387.0000 433.0000 501.0000 480.0000 486.0000 573.0000
152.0000 157.0000 165.0000 198.0000 224.0000 235.0000 228.0000 252.0000 289.0000 359.0000 465.0000 542.0000 584.0000 621.0000 664.0000 751.0000 790.0000 758.0000 687.0000 628.0000 546.0000 544.0000 527.0000 520.0000 415.0000 442.0000 356.0000 331.0000 299.0000 350.0000 367.0000 378.0000 362.0000 241.0000 220.0100 220.0100 316.0000 349.0000 360.0000 288.0000 287.0000 312.0000 362.0000 425.0000 345.0000 252.0000 213.0000 227.0000 267.0000 327.0000 367.0000 364.0000 297.0000 262.0200 300.0000 315.0000 314.0000 390.0000 450.0000 519.0000 553.0000 542.0000 603.0000
165.0000 159.0000 168.0000 219.0000 303.0000 325.0000 263.0000 282.0000 332.0000 449.0000 514.0000 530.0000 513.0000 519.0000 555.0000 680.0000 744.0000 731.0000 665.0000 606.0000 616.0000 575.0000 589.0000 539.0000 521.0000 465.0000 428.0000 377.0000 380.0000 433.0000 407.0000 358.0000 298.0000 233.0000 262.0000 288.0000 402.0000 428.0000 387.0000 346.0000 324.0000 412.0000 459.0000 412.0000 319.0000 229.0000 222.0000 287.0000 264.0000 344.0000 395.0000 389.0000 326.0000 268.0000 307.0000 363.0000 366.0000 437.0000 464.0000 519.0000 603.0000 622.0000 678.0000
188.0000 211.0000 185.0000 236.0000 317.0000 403.0000 362.0000 367.0000 399.0000 373.0000 428.0000 422.0000 397.0000 408.0000 470.0000 530.0000 562.0000 560.0000 604.0000 630.0000 644.0000 681.0000 678.0000 697.0000 596.0000 550.0000 451.0000 477.0000 486.0000 419.0000 383.0000 316.0000 244.0000 313.0000 376.0000 410.0000 533.0000 523.0000 488.0000 478.0000 403.0000 526.0000 440.0000 366.0000 292.0000 242.0000 298.0000 423.0000 432.0000 432.0000 381.0000 381.0000 316.0000 275.0000 296.0000 331.0000 380.0000 461.0000 508.0000 594.0000 682.0000 709.0000 758.0000
224.0000 259.0000 194.0000 197.0000 280.0000 306.0000 336.0000 335.0000 314.0000 314.0000 346.0000 349.0000 381.0000 383.0000 380.0000 425.0000 454.0000 458.0000 456.0000 478.0000 542.0000 583.0000 656.0000 680.0000 649.0000 581.0000 505.0000 516.0000 512.0000 487.0000 446.0000 385.0000 303.0000 264.0000 321.0000 377.0000 437.0000 543.0000 563.0000 483.0000 462.0000 513.0000 413.0000 334.0000 269.0000 271.0000 376.0000 469.0000 479.0000 409.0000 388.0000 366.0000 357.0000 335.0000 293.0000 344.0000 393.0000 484.0000 552.0000 634.0000 699.0000 722.0000 797.0000
232.0000 241.0000 212.0000 204.0000 220.0000 247.0000 260.0000 342.0000 289.0000 280.0000 299.0000 320.0000 342.0000 340.0000 360.0000 389.0000 391.0000 388.0000 392.0000 377.0000 423.0000 451.0000 510.0000 537.0000 564.0000 588.0000 556.0000 642.0000 604.0000 571.0000 560.0000 427.0000 356.0000 325.0000 264.0100 306.0000 375.0000 456.0000 494.0000 496.0000 533.0000 425.0000 364.0000 293.0000 269.0100 301.0000 459.0000 474.0000 436.0000 429.0000 396.0000 374.0000 388.0000 392.0000 333.0000 351.0000 376.0000 451.0000 512.0000 561.0000 610.0000 678.0000 773.0000
228.0000 204.0200 204.0100 217.0000 204.0100 231.0000 241.0000 293.0000 313.0000 271.0100 290.0000 286.0000 290.0000 305.0000 353.0000 355.0000 349.0000 353.0000 358.0000 349.0000 378.0000 413.0000 440.0000 475.0000 529.0000 623.0000 682.0000 679.0000 660.0000 597.0000 536.0000 422.0000 387.0000 378.0000 291.0000 330.0000 394.0000 402.0000 422.0000 447.0000 501.0000 393.0000 321.0000 276.0000 315.0000 317.0000 444.0000 429.0000 427.0000 449.0000 425.0000 374.0100 404.0000 427.0000 390.0000 393.0000 445.0000 447.0000 470.0000 594.0000 667.0000 752.0000 733.0000
253.0000 229.0000 221.0000 230.0000 230.0000 204.0200 226.0000 300.0000 286.0000 271.0000 271.0100 271.0200 271.0300 271.0400 311.0000 336.0000 326.0000 322.0000 329.0000 319.0000 329.0000 398.0000 454.0000 521.0000 577.0000 642.0000 673.0000 640.0000 620.0000 529.0000 510.0000 472.0000 433.0000 377.0000 307.0000 308.0000 338.0000 380.0000 414.0000 434.0000 438.0000 332.0000 304.0000 307.0000 293.0000 340.0000 372.0000 387.0000 430.0000 468.0000 446.0000 400.0000 423.0000 435.0000 437.0000 413.0000 470.0000 486.0000 477.0000 585.0000 711.0000 760.0000 676.0000
283.0000 280.0000 230.0000 204.0400 204.0300 242.0000 213.0000 233.0000 248.0000 300.0000 271.0100 271.0200 294.0000 280.0000 273.0000 271.0600 279.0000 283.0000 297.0000 323.0000 336.0000 428.0000 483.0000 590.0000 652.0000 706.0000 661.0000 617.0000 619.0000 589.0000 564.0000 488.0000 447.0000 380.0000 321.0000 307.0100 342.0000 396.0000 458.0000 471.0000 480.0000 387.0000 347.0000 378.0000 337.0000 336.0000 390.0000 442.0000 472.0000 486.0000 456.0000 418.0000 400.0100 443.0000 477.0000 471.0000 526.0000 575.0000 613.0000 602.0000 689.0000 698.0000 660.0000
256.0000 244.0000 266.0000 214.0000 216.0000 307.0000 269.0000 237.0000 291.0000 362.0000 274.0000 275.0000 271.0300 271.0400 271.0500 271.0600 294.0000 306.0000 345.0000 367.0000 391.0000 431.0000 460.0000 578.0000 627.0000 651.0000 617.0000 566.0000 578.0000 543.0000 463.0000 422.0000 387.0000 379.0000 338.0000 307.0200 334.0000 395.0000 441.0000 462.0000 426.0000 414.0000 398.0000 371.0000 394.0000 384.0000 394.0000 417.0000 433.0000 485.0000 445.0000 405.0000 409.0000 512.0000 536.0000 526.0000 545.0000 618.0000 625.0000 675.0000 747.0000 696.0000 672.0000
260.0000 231.0100 231.0000 227.0000 242.0000 272.0000 242.0000 264.0000 322.0000 374.0000 314.0000 271.0400 271.0400 271.0400 285.0000 295.0000 328.0000 333.0000 385.0000 413.0000 482.0000 506.0000 574.0000 625.0000 626.0000 601.0000 562.0000 504.0000 472.0000 487.0000 398.0000 354.0000 329.0000 339.0000 320.0000 307.0300 403.0000 395.0000 407.0000 390.0000 362.0000 416.0000 409.0000 386.0000 415.0000 396.0000 384.0100 398.0000 460.0000 510.0000 466.0000 418.0000 405.0100 473.0000 536.0000 579.0000 613.0000 691.0000 682.0000 725.0000 746.0000 732.0000 690.0000
250.0000 241.0000 288.0000 251.0000 283.0000 277.0000 277.0000 312.0000 339.0000 424.0000 356.0000 296.0000 304.0000 299.0000 351.0000 331.0000 375.0000 406.0000 444.0000 507.0000 564.0000 576.0000 659.0000 700.0000 604.0000 584.0000 539.0000 504.0000 446.0000 425.0000 396.0000 382.0000 347.0000 309.0000 307.0400 331.0000 362.0000 337.0000 361.0000 337.0000 352.0000 422.0000 401.0000 407.0000 439.0000 435.0000 422.0000 419.0000 454.0000 495.0000 446.0000 434.0000 405.0200 429.0000 479.0000 540.0000 604.0000 685.0000 685.0000 653.0000 653.0000 658.0000 729.0000
247.0000 278.0000 293.0000 278.0000 295.0000 277.0100 312.0000 365.0000 416.0000 466.0000 345.0000 296.0100 315.0000 318.0000 375.0000 366.0000 412.0000 437.0000 501.0000 563.0000 625.0000 662.0000 704.0000 714.0000 671.0000 630.0000 584.0000 498.0000 515.0000 488.0000 466.0000 381.0000 349.0000 323.0000 307.0500 307.0500 318.0000 318.0100 318.0200 318.0300 342.0000 391.0000 413.0000 447.0000 464.0000 439.0000 419.0100 419.0100 484.0000 525.0000 504.0000 500.0000 421.0000 454.0000 490.0000 516.0000 570.0000 653.0000 601.0000 587.0000 578.0000 620.0000 765.0000
287.0000 289.0000 333.0000 316.0000 341.0000 321.0000 341.0000 383.0000 437.0000 423.0000 308.0000 314.0000 382.0000 361.0000 395.0000 410.0000 455.0000 515.0000 532.0000 632.0000 684.0000 748.0000 767.0000 731.0000 736.0000 688.0000 563.0000 582.0000 568.0000 497.0000 430.0000 389.0000 366.0000 314.0000 329.0000 344.0000 326.0000 343.0000 360.0000 368.0000 343.0000 418.0000 463.0000 494.0000 486.0000 485.0000 459.0000 451.0000 489.0000 563.0000 562.0000 488.0000 458.0000 463.0000 503.0000 606.0000 641.0000 590.0000 539.0000 559.0000 603.0000 695.0000 780.0000
281.0000 307.0000 338.0000 331.0000 340.0000 365.0000 396.0000 482.0000 482.0000 431.0000 324.0000 376.0000 416.0000 497.0000 483.0000 521.0000 530.0000 542.0000 599.0000 588.0000 619.0000 661.0000 718.0000 760.0000 745.0000 686.0000 688.0000 618.0000 531.0000 455.0000 425.0000 366.0000 327.0000 339.0000 380.0000 367.0000 326.0100 326.0100 366.0000 393.0000 421.0000 470.0000 476.0000 546.0000 574.0000 564.0000 528.0000 500.0000 514.0000 552.0000 508.0000 496.0000 506.0000 505.0000 504.0000 539.0000 504.0200 525.0000 568.0000 633.0000 701.0000 794.0000 877.0000
292.0000 284.0000 279.0000 317.0000 356.0000 391.0000 470.0000 522.0000 446.0000 385.0000 353.0000 398.0000 458.0000 529.0000 563.0000 538.0000 585.0000 587.0000 566.0000 515.0000 540.0000 585.0000 630.0000 672.0000 736.0000 645.0000 568.0000 532.0000 487.0000 433.0000 398.0000 337.0000 327.0100 360.0000 393.0000 386.0000 345.0000 332.0000 326.0200 352.0000 388.0000 463.0000 486.0000 530.0000 569.0000 620.0000 584.0000 572.0000 547.0000 581.0000 573.0000 561.0000 571.0000 559.0000 518.0000 504.0100 522.0000 563.0000 617.0000 674.0000 696.0000 774.0000 898.0000
254.0000 246.0000 289.0000 320.0000 315.0000 369.0000 424.0000 493.0000 455.0000 468.0000 384.0000 419.0000 501.0000 531.0000 484.0000 444.0000 480.0000 490.0000 433.0000 475.0000 509.0000 574.0000 622.0000 693.0000 652.0000 608.0000 490.0000 484.0000 454.0000 408.0000 380.0000 327.0200 327.0200 345.0000 345.0100 400.0000 402.0000 337.0000 326.0300 333.0000 369.0000 480.0000 500.0000 558.0000 634.0000 646.0000 628.0000 595.0000 592.0000 628.0000 661.0000 664.0000 634.0000 575.0000 521.0000 504.0200 555.0000 624.0000 620.0000 662.0000 689.0000 738.0000 899.0000
215.0000 247.0000 270.0000 270.0000 307.0000 332.0000 370.0000 442.0000 514.0000 500.0000 444.0000 447.0000 515.0000 463.0000 399.0000 406.0000 416.0000 412.0000 404.0000 425.0000 492.0000 525.0000 575.0000 595.0000 574.0000 539.0000 498.0000 450.0000 425.0000 415.0000 392.0000 335.0000 369.0000 374.0000 392.0000 425.0000 428.0000 372.0000 343.0000 375.0000 402.0000 501.0000 543.0000 583.0000 628.0000 657.0000 670.0000 634.0000 643.0000 720.0000 698.0000 712.0000 590.0000 555.0000 504.0300 507.0000 593.0000 669.0000 677.0000 736.0000 773.0000 798.0000 861.0000
204.0000 226.0000 244.0000 272.0000 290.0000 334.0000 363.0000 433.0000 403.0000 416.0000 419.0000 478.0000 450.0000 382.0000 362.0000 371.0000 373.0000 365.0000 369.0000 400.0000 444.0000 489.0000 518.0000 506.0000 516.0000 516.0000 481.0000 428.0000 404.0000 384.0000 370.0000 388.0000 395.0000 416.0000 430.0000 471.0000 405.0000 379.0000 364.0000 413.0000 432.0000 520.0000 596.0000 615.0000 576.0000 617.0000 624.0000 687.0000 689.0000 752.0000 786.0000 721.0000 582.0000 534.0000 544.0000 564.0000 575.0000 686.0000 736.0000 774.0000 825.0000 868.0000 953.0000
228.0000 234.0000 255.0000 288.0000 294.0000 308.0000 329.0000 342.0000 321.0000 394.0000 365.0000 354.0000 357.0000 342.0000 326.0000 325.0000 333.0000 324.0000 364.0000 371.0000 391.0000 425.0000 436.0000 440.0000 472.0000 497.0000 456.0000 430.0000 404.0000 371.0000 374.0000 430.0000 491.0000 542.0000 532.0000 490.0000 413.0000 364.0100 364.0100 389.0000 431.0000 517.0000 534.0000 485.0000 526.0000 601.0000 669.0000 764.0000 784.0000 796.0000 763.0000 664.0000 595.0000 631.0000 628.0000 623.0000 636.0000 701.0000 799.0000 893.0000 960.0000 968.0000 952.0000
192.0000 224.0000 293.0000 320.0000 302.0000 271.0000 292.0000 297.0000 286.0000 332.0000 317.0000 360.0000 337.0000 314.0000 309.0000 321.0000 298.0000 331.0000 327.0000 349.0000 354.0000 399.0000 423.0000 466.0000 486.0000 493.0000 480.0000 430.0000 377.0000 404.0000 445.0000 453.0000 546.0000 551.0000 492.0000 456.0000 386.0000 411.0000 398.0000 413.0000 393.0000 409.0000 443.0000 493.0000 563.0000 625.0000 660.0000 689.0000 739.0000 727.0000 747.0000 643.0000 665.0000 666.0000 679.0000 693.0000 687.0000 779.0000 845.0000 940.0000 989.0000 969.0000 995.0000
221.0000 242.0000 303.0000 288.0000 251.0000 274.0000 262.0000 277.0000 279.0000 296.0000 334.0000 338.0000 308.0000 300.0000 285.0000 298.0000 297.0000 318.0000 355.0000 368.0000 404.0000 425.0000 438.0000 443.0000 458.0000 481.0000 452.0000 404.0000 436.0000 482.0000 486.0000 501.0000 582.0000 539.0000 465.0000 430.0000 397.0000 451.0000 411.0000 457.0000 477.0000 482.0000 464.0000 458.0000 477.0000 560.0000 636.0000 673.0000 683.0000 711.0000 702.0000 734.0000 781.0000 744.0000 772.0000 781.0000 779.0000 819.0000 920.0000 957.0000 978.0000 993.0000 986.0000
251.0000 234.0000 243.0000 232.0100 270.0000 253.0000 252.0000 243.0000 269.0000 277.0000 327.0000 335.0000 306.0000 282.0000 279.0000 272.0000 332.0000 388.0000 405.0000 378.0000 400.0000 402.0000 426.0000 452.0000 461.0000 450.0000 427.0000 450.0000 511.0000 509.0000 531.0000 563.0000 614.0000 535.0000 470.0000 423.0000 416.0000 489.0000 499.0000 525.0000 573.0000 537.0000 546.0000 542.0000 510.0000 543.0000 596.0000 656.0000 669.0000 696.0000 712.0000 749.0000 855.0000 819.0000 840.0000 843.0000 808.0000 868.0000 921.0000 925.0000 987.0000 1005.0000 994.0000
207.0000 207.0100 232.0000 290.0000 301.0000 242.0000 246.0000 232.0000 254.0000 274.0000 317.0000 312.0000 330.0000 274.0000 260.0000 281.0000 375.0000 424.0000 457.0000 421.0000 384.0000 429.0000 463.0000 471.0000 461.0000 464.0000 447.0000 469.0000 525.0000 570.0000 622.0000 604.0000 587.0000 527.0000 453.0000 454.0000 478.0000 517.0000 522.0000 568.0000 602.0000 613.0000 631.0000 601.0000 559.0000 620.0000 653.0000 709.0000 679.0000 703.0000 743.0000 777.0000 901.0000 905.0000 866.0000 818.0000 810.0000 828.0000 873.0000 895.0000 1001.0000 1059.0000 965.0000
224.0000 282.0000 269.0000 247.0000 244.0000 233.0000 211.0000 222.0000 240.0000 261.0000 280.0000 301.0000 241.0100 252.0000 283.0000 349.0000 420.0000 510.0000 513.0000 453.0000 454.0000 480.0000 482.0000 467.0000 458.0100 458.0000 522.0000 590.0000 658.0000 664.0000 633.0000 631.0000 594.0000 522.0000 469.0000 511.0000 560.0000 615.0000 607.0000 611.0000 699.0000 713.0000 715.0000 685.0000 711.0000 659.0000 696.0000 713.0000 729.0000 753.0000 746.0000 810.0000 874.0000 822.0000 794.0000 753.0000 820.0000 813.0000 815.0000 867.0000 989.0000 1002.0000 940.0000
242.0000 241.0000 248.0000 227.0000 239.0000 214.0000 199.0000 225.0000 260.0000 254.0000 257.0000 241.0000 241.0100 261.0000 287.0000 321.0000 440.0000 526.0000 479.0000 443.0000 401.0000 461.0000 477.0000 474.0000 477.0000 477.0000 563.0000 610.0000 691.0000 653.0000 626.0000 608.0000 577.0000 525.0000 496.0000 491.0000 547.0000 639.0000 649.0000 672.0000 719.0000 779.0000 741.0000 750.0000 716.0000 698.0000 705.0000 760.0000 806.0000 778.0000 770.0000 815.0000 781.0000 754.0000 727.0000 751.0000 789.0000 771.0000 797.0000 859.0000 961.0000 972.0000 875.0000
