data/xf_ws/xf_ws.slope
ncols         177
nrows         146
xllcorner     799600.00012
yllcorner     2647174.38755
cellsize      200
NODATA_value  -9999
[rows 84 to 111 of 146, columns 63 to 125 of 177]
12.13239 8.341351 4.916423 6.458278 10.85421 8.417017 17.46127 8.071938 6.558233 12.81777 13.57465 11.54408 9.493813 9.339358 6.207949 2.703001 3.903625 3.046227 4.409116 9.819402 5.272331 5.291534 7.776493 4.71002 5.074617 2.22753 3.566365 4.75299 8.757686 8.054585 6.404323 4.415701 4.126 2.04884 2.193158 0.5570531 2.776665 2.661122 1.853039 2.126909 2.165832 1.730243 2.865424 1.147535 8.62055 14.30848 15.13497 14.50727 10.05759 7.805075 16.15692 12.78067 10.08971 5.585084 4.686551 4.537755 0.5079341 1.451064 0.9469754 2.914333 6.99889 11.97979 13.34067
10.85267 16.90427 15.79282 12.26779 10.75013 13.06798 15.48512 10.90556 3.295536 4.681749 7.741821 7.04504 5.711701 4.369694 4.313122 2.521379 4.547972 2.388933 3.775681 8.285532 9.051591 7.947936 6.256125 3.759064 4.425214 2.384753 3.174167 3.382844 3.641259 2.798808 4.233293 3.348727 3.056275 2.24148 3.075961 3.766379 3.871537 2.197744 0.2086693 1.812029 2.595925 2.882334 1.665413 3.815899 8.885139 11.2522 13.80115 15.12826 9.108806 7.304078 13.3882 10.9672 10.32821 9.12285 4.547267 1.839507 4.040148 6.299337 8.51752 11.87274 13.41902 12.84995 14.47261
19.13271 20.32022 20.50007 17.86609 11.507 14.86383 12.77213 13.98181 10.9139 4.430646 1.56381 2.965035 3.258131 2.791876 4.862905 5.452899 5.653456 3.187605 3.089466 5.357718 8.257942 4.362723 2.331581 3.517329 4.303109 1.318504 2.127947 2.723902 3.576628 0.5059086 3.583398 3.646998 3.730493 1.842311 1.772887 2.371712 2.045376 0.9457334 3.560593 2.892803 0.8212039 0.6958894 0.363373 4.134707 9.311548 12.89541 15.32325 11.45789 8.257942 14.96661 15.73634 14.75671 13.00556 5.830296 4.866503 8.159762 9.43535 12.14307 11.84433 12.5571 11.31531 10.95617 16.50852
10.18179 13.44315 14.12021 13.58078 9.593756 16.02584 11.72304 10.97933 10.19289 6.271063 1.392615 1.109829 1.21912 1.288938 3.45512 6.584161 6.655159 3.746002 3.325837 3.545164 5.467748 5.453632 1.063883 4.160399 5.029811 0.8626775 1.225202 1.369251 4.757026 2.51274 3.363021 4.659177 4.755134 1.818277 0.340174 1.315743 5.772543 10.5781 9.826207 7.335974 3.026649 0.6979735 0.8501969 2.583735 8.158463 15.56172 15.24636 8.511627 10.2219 8.887648 6.860767 7.442882 8.786105 7.144209 13.68176 13.06835 13.35272 16.15178 16.99851 17.56904 16.80234 17.5752 17.51916
9.308031 11.30272 8.089238 11.35985 23.88127 20.68303 16.07642 12.60488 8.284969 3.778077 1.974443 1.290924 0.4360493 0.4320325 0.6581329 1.396767 1.789911 1.862833 2.65672 2.898345 4.253991 7.280675 7.972275 4.188546 4.216382 1.717509 0.6797925 3.057086 2.782556 3.20359 6.913366 7.350764 3.542404 0.7887 2.377967 6.789663 11.40237 9.935925 6.459712 8.833623 3.324004 1.494634 1.860224 2.637731 5.020585 13.34281 15.40799 6.60384 0.6405596 4.954738 9.23552 11.65967 13.45935 13.49926 15.86339 12.6729 13.48232 16.15742 16.43725 16.57893 14.35818 12.0976 6.918276
8.64667 9.166451 6.892048 23.43558 27.00075 13.90436 7.212279 2.669962 3.158627 7.208034 8.891444 8.129358 5.705898 2.492295 2.88092 4.98055 4.902699 2.689724 0.6756278 0.5773971 1.51047 3.016303 5.851731 5.365283 0.9518359 1.991476 2.142466 4.318901 6.374821 7.550713 6.213031 1.921743 3.753253 5.089135 8.598083 14.38793 13.43697 5.490867 8.813271 8.748929 3.149457 1.194678 1.607995 4.09539 4.076062 9.198833 14.15238 8.257942 5.047634 5.102394 6.296968 9.67781 13.0581 16.29122 15.88058 12.08052 12.36737 11.3791 7.018767 1.41046 2.291727 3.784921 0.2264803
7.167372 10.62254 14.58534 23.94084 22.51021 5.868993 4.702394 7.307863 11.15372 12.56521 12.49912 11.43187 10.12634 7.542575 9.288931 11.69021 11.36498 7.602794 2.934713 1.224699 0.6887833 0.2264803 1.382011 4.331964 3.616768 5.008 4.278754 3.026451 3.04287 2.612553 0.4557755 4.978615 7.689233 7.349216 12.00111 17.88494 10.89133 10.26639 10.12184 7.741071 3.649789 1.379266 3.35699 5.112579 2.370762 8.037666 14.98488 11.31381 7.957685 8.395526 10.77126 15.34663 17.68593 14.42577 9.496285 8.194708 6.862784 2.148181 3.236505 6.4994 6.317373 6.473748 1.940271
10.81747 12.57422 13.74845 18.38791 20.86354 11.72276 10.32253 15.13774 17.34228 14.91729 14.32564 15.8483 15.26011 13.64721 14.57373 9.823544 10.29721 9.083728 5.225463 1.180755 0.4182177 0.6761209 0.3955266 2.542847 4.360707 4.167895 1.75754 0.948467 0.9402115 2.040989 4.920961 7.005862 8.649547 9.337769 14.66291 14.0461 7.097459 14.4243 9.313349 6.355186 3.759913 0.6166611 2.508912 6.560977 5.56009 11.5365 17.03883 14.65883 11.39309 11.45099 13.3345 12.51422 10.46741 8.285381 3.314325 3.987842 1.008463 4.147303 3.213937 3.893818 4.902699 8.929594 6.532476
18.44291 15.13181 11.06391 9.342538 15.71328 15.59093 18.20725 21.32137 20.06814 15.80269 12.48796 13.84952 15.02555 9.382184 2.974931 7.829076 10.92772 8.005275 5.772534 1.062969 0.1591907 0.4187086 0.8843681 0.3919604 0.4778684 0.2542274 0.5474899 0.5902247 2.811976 12.17155 15.82473 14.34143 14.7517 16.061 17.15 5.587124 15.17439 11.87059 6.331736 4.986022 2.983861 1.342204 1.513829 6.801707 10.01627 14.99572 18.56355 14.66043 9.004327 4.71002 3.318698 5.133382 6.523596 7.516617 4.842368 3.986954 4.384264 6.45335 4.553901 2.717426 2.378875 6.105401 7.751997
15.79686 4.047348 4.499076 8.158079 8.595877 9.807857 12.67965 13.00378 9.13883 9.939142 5.575327 7.942594 11.67827 9.13883 12.69789 14.10852 9.978254 5.21421 3.034309 1.518743 0.7191634 0.8706955 1.449879 1.878987 1.6709 1.524933 1.767582 2.712804 9.48257 20.65872 19.53111 19.16171 19.13571 17.81012 11.00276 12.00677 16.19499 7.788067 5.623489 4.407673 2.13441 1.289378 3.278127 9.175833 12.3913 16.28395 18.0815 10.92056 5.353458 2.897904 1.927692 6.502308 10.11516 9.886809 6.406862 5.559807 7.115378 6.408195 4.784505 4.316266 3.70256 4.695308 7.719279
0.1132406 12.22635 14.42798 16.62196 12.15495 7.831642 5.155576 7.275836 1.60903 9.578681 13.71604 17.49018 16.94511 13.68918 11.14122 5.15213 1.924368 3.428706 2.904828 2.227988 1.395318 2.060752 3.340552 5.155084 6.064922 5.643713 4.360366 3.855331 12.48487 20.66163 15.21682 14.86635 16.7965 12.46018 12.16984 19.92012 13.55659 7.880816 5.536123 3.024339 1.558181 1.196563 8.579094 13.85003 14.96567 18.8989 17.83687 6.712898 3.037221 1.131807 5.352747 6.173689 5.106561 3.10088 1.575954 0.5795289 3.222353 2.241916 1.072743 2.189353 3.418851 5.33885 7.447794
11.45003 17.21962 9.554534 13.98905 11.85784 12.03679 8.950969 8.182633 4.391479 15.4138 19.54587 17.5682 11.23672 6.312778 2.22371 5.778431 7.159656 5.785379 3.476475 2.505093 2.293401 4.949867 6.092976 5.128575 4.629881 6.295441 7.968669 6.422322 12.57126 20.0636 16.33996 10.33126 8.601231 4.322259 18.03881 22.68394 11.7812 7.723695 4.430704 2.139513 0.4108011 5.113105 12.12362 14.53281 14.87667 19.4359 12.76433 1.969508 2.482009 4.90072 6.456588 4.2728 3.456391 2.539304 5.774261 6.096921 6.699724 4.210807 1.024931 2.330607 3.392739 3.172104 1.120659
11.79805 13.85097 6.050532 10.76717 10.13301 7.632223 4.076062 5.504 9.42795 21.36802 17.34228 7.919585 6.427621 9.276057 10.56473 12.15615 9.825552 9.179284 4.694885 3.227022 5.269444 8.383644 7.361564 6.116855 4.757266 4.933794 7.410297 10.95082 13.38179 20.10782 18.16519 9.930712 3.089945 12.29996 24.3525 23.22341 11.10868 6.411907 3.056693 0.960605 2.836065 7.228359 11.81973 13.51441 14.43948 17.24035 7.704224 4.548888 2.969109 2.770355 3.565259 2.109703 2.414332 1.472346 6.600787 2.288934 6.853884 4.216408 0.8171672 3.838527 3.730305 5.218334 3.697745
12.16934 11.65551 8.885551 10.14695 12.51028 10.98377 5.368589 0.7528159 13.07567 20.07052 13.92127 10.48122 18.06829 21.40791 21.02366 17.32849 14.13835 13.86141 7.688774 2.88021 5.9085 6.654951 4.684045 9.525784 12.91145 10.72399 14.2036 18.52674 20.68546 21.38577 17.54596 3.096552 12.68417 22.46041 23.5766 17.24351 7.057693 3.495371 0.7924085 2.037022 4.424779 8.322503 11.01517 11.4529 14.73126 16.40314 7.594222 4.907618 6.032967 7.035044 7.526613 3.867544 2.540058 1.883125 6.245581 2.733105 7.332206 2.994861 1.687371 4.139891 4.420642 5.732267 8.454283
9.146828 7.858731 7.488553 9.281261 12.37009 13.68692 10.33648 11.92818 12.84717 10.49621 13.42826 16.5553 19.54867 17.45265 16.73786 15.45026 15.80752 15.8239 10.34515 3.704221 5.866407 6.4755 6.011986 11.35824 12.30731 15.31102 20.53059 20.59226 19.2572 17.50232 12.65384 6.878164 18.33342 18.7414 14.37688 12.14701 6.885292 2.592841 2.543097 5.701767 8.318421 10.12512 10.28802 11.22913 14.92356 17.17871 10.01762 4.931364 5.365283 6.295164 10.4269 9.043914 3.267305 2.107019 4.892369 2.828718 6.051689 1.932894 6.469478 7.008553 7.896665 7.618427 9.647121
6.739181 6.607082 5.936462 9.236593 12.56858 14.86438 18.10359 12.24575 1.20784 8.961185 12.07372 12.73375 13.69317 9.64523 8.920833 10.6512 16.71956 18.42133 14.88579 10.41574 3.440573 6.513933 4.751119 9.580873 9.63806 15.60201 17.84815 12.33909 7.748446 7.034508 8.805232 11.59696 23.38818 18.37693 14.80089 12.37418 7.459875 4.055862 4.792866 8.236731 11.16472 13.0592 12.96579 15.3764 18.45541 18.2786 9.849609 3.400764 2.548624 0.6160724 7.870656 11.03775 2.647329 3.521288 5.419514 4.453613 6.424175 3.88627 9.509135 9.690936 12.61962 10.56531 12.67984
7.441029 2.027396 11.85294 17.00086 17.99332 14.2036 13.11437 4.159982 14.36553 14.34215 13.2232 9.470738 10.5931 9.123219 11.48458 11.32165 14.94354 18.47874 17.64202 13.98851 4.894403 4.749899 5.276177 8.51499 19.10257 15.70569 9.339889 8.784323 6.598496 4.681602 9.47126 6.704719 22.89597 19.11041 17.09772 13.36854 7.059236 3.185722 6.378504 10.33149 11.99952 12.36542 13.23907 17.15172 19.85304 13.7118 2.115156 3.613592 4.511779 5.317823 10.27417 9.339889 1.147663 3.051196 4.825767 3.051255 6.551728 6.382872 10.22015 8.117741 11.93079 9.098047 13.9105
2.734508 7.87145 15.68635 9.193444 4.499076 7.342454 11.06259 5.792425 14.41982 7.654503 13.32242 13.41655 12.6182 12.39208 11.94113 13.12639 12.02769 11.60899 14.00258 13.05636 6.432567 6.651669 6.085508 8.64667 20.15013 17.46353 7.099936 11.7569 10.62058 9.868485 8.842258 6.226426 23.85284 25.09976 21.15527 13.15453 5.403272 1.313637 8.336667 11.24712 11.70731 12.26414 14.21398 19.0679 18.43083 6.468878 5.354641 4.802187 5.249434 4.545477 5.008761 6.508121 6.451931 2.357492 4.194324 2.212911 4.39258 6.444431 7.811887 8.597758 9.112344 1.642906 7.484535
4.950893 6.742356 8.51499 11.05564 12.20064 10.52464 12.90182 8.032381 13.38588 7.353892 10.39438 14.06292 14.17673 13.19437 9.986234 15.7233 14.70767 14.41467 15.62623 7.475151 6.17062 6.785528 7.940863 8.70815 17.81606 17.89474 12.48651 9.206371 3.731317 3.844405 0.710769 12.5434 25.62956 25.79358 17.74084 8.096151 1.168758 4.748337 8.585312 9.259089 12.81777 16.94431 18.49542 19.15291 12.46394 6.813659 7.880023 4.844326 6.398519 6.982857 7.654503 9.091504 10.66251 11.24063 5.508449 3.458872 5.231285 9.427557 12.68654 12.08931 10.76717 7.419936 7.817085
2.838191 7.077073 16.01072 18.63054 15.76691 10.46928 13.52427 13.88404 13.02031 9.238604 7.819005 10.47092 11.89992 9.362251 8.228133 14.96481 14.23978 17.98883 17.02493 5.784557 10.21854 12.53985 15.765 20.65753 23.4658 20.28083 13.79187 2.581035 7.794651 11.36627 13.19283 19.84641 27.34341 22.76087 14.93691 6.352127 0.3616863 4.776183 8.545572 8.578632 13.88199 18.28055 16.36271 15.2595 9.981301 2.077912 9.139236 10.30186 11.46478 11.9465 9.407464 7.03004 5.838749 8.143558 6.016365 7.885537 14.86438 18.51556 21.17336 21.41483 18.14824 10.60916 6.517217
4.091034 7.763933 10.09702 9.099546 15.41629 9.49238 9.634856 11.83443 10.32864 5.61876 3.381191 7.090552 3.709381 2.749892 11.09781 14.79265 13.76914 16.76241 12.44355 10.77625 15.24093 14.47456 12.34485 10.55254 9.509942 10.72437 7.730659 10.81081 11.00631 10.46963 12.12602 22.86287 28.25493 17.51297 10.53167 4.595872 0.3628076 3.686065 7.169006 8.194708 13.06478 18.30033 19.76372 20.59205 16.20813 8.269713 10.12184 10.72175 8.3313 9.687369 10.48145 5.716108 7.765921 8.618221 0.6097969 15.55605 21.41943 19.61396 15.30774 10.01024 4.904511 9.542241 4.18368
1.1821 9.246108 13.86457 5.210638 8.559897 7.486544 4.457325 2.924681 1.83513 4.457895 6.559044 10.74796 8.187853 10.43396 11.18195 11.84231 13.36307 12.49113 9.577778 14.52226 8.535726 3.032776 5.859505 15.35967 23.0316 26.87427 28.78368 26.85335 18.30399 9.208389 7.118314 18.96959 21.61414 9.922274 8.411764 4.213743 0.4261389 2.828077 5.420441 6.998502 10.723 14.29013 14.60916 21.2857 21.55348 13.19799 7.932674 10.47478 10.02032 7.748122 12.14283 13.02012 5.091689 4.793502 9.007082 17.63729 16.57562 9.369649 1.722081 8.982944 14.46098 14.50119 10.70004
8.393151 9.951031 12.83926 12.61239 5.238552 7.723695 6.545197 4.119884 3.733367 7.485211 9.05637 13.15211 12.39072 10.80243 8.44745 6.00273 11.05387 14.20069 16.52184 13.87209 9.699209 6.823808 5.780401 6.600214 8.461593 18.87501 23.67089 23.37226 23.44875 19.71216 13.12976 10.17357 18.18353 14.28394 10.20502 4.956718 0.3349625 2.643378 5.220143 5.419336 10.77807 19.18123 21.8003 22.72259 17.59324 11.03343 7.957214 7.717048 6.256557 9.611375 15.72625 11.32536 5.692667 9.123211 8.991089 13.96085 12.65204 7.282743 7.767799 12.62134 12.65403 11.15172 8.635439
12.76574 14.86155 15.86361 15.48242 12.42797 11.49896 11.2722 8.126348 5.780401 9.021772 6.718226 9.907724 11.50107 9.164423 7.45315 7.896665 5.762866 1.20039 4.183984 3.399637 10.52941 12.39383 15.00546 16.83829 15.01099 8.251596 5.073714 8.494055 15.34096 20.21356 21.70759 18.20614 15.23382 15.67689 10.11069 4.648645 1.822838 7.655429 11.37193 9.140457 10.33898 20.09644 21.95753 19.22805 14.42577 10.65476 3.201596 8.161139 12.46722 10.81386 10.35369 5.3865 9.535247 6.25575 4.430416 9.587059 8.178704 6.193902 7.470454 10.81883 9.16253 6.655519 4.431202
14.16564 16.31264 18.08553 18.02095 16.5517 19.02962 18.45275 16.68315 16.27407 13.82093 7.759958 5.733812 5.449645 4.816714 8.24222 11.48173 10.52987 8.189682 6.942771 5.495709 7.789513 13.30774 15.44123 20.64994 22.25854 21.47131 22.14473 18.81863 11.33261 3.340552 8.959082 15.55874 16.54408 13.49796 7.718821 2.794537 5.71467 12.58229 11.60899 9.509942 13.8215 19.30491 21.29342 19.75351 13.47473 8.903002 4.025117 7.735514 8.552334 11.35138 12.79811 6.832838 6.546737 2.247751 2.581035 6.355599 5.274495 3.633657 7.733411 10.17369 7.079749 2.69947 2.245506
3.303661 4.980101 9.462119 17.75752 15.44823 16.50324 15.69794 13.56606 13.0559 11.0362 9.278593 8.594139 7.423484 6.560581 15.12479 14.91846 11.35845 7.05128 6.555585 8.991089 3.769732 2.263636 1.974936 11.64707 18.7388 22.38682 23.97012 25.45045 25.27401 22.52558 15.98973 6.956882 6.198384 7.207556 3.008281 2.828453 6.019709 8.662494 9.548351 8.019152 14.97887 19.16245 18.35148 14.9194 10.42985 8.789979 4.02575 2.548624 7.79144 12.44007 16.35682 9.758557 4.581975 3.841088 5.957716 7.436815 4.934196 3.658842 8.763927 7.643643 2.425708 3.193553 4.999446
11.46393 14.2052 8.154009 6.026362 11.65717 9.613815 6.91664 4.432139 2.78454 4.806418 10.67267 13.81318 15.09295 18.51394 22.25681 13.9893 18.18648 10.74636 4.751921 10.02032 16.04699 19.10107 20.19045 16.73486 7.542744 2.74291 2.961154 6.751311 10.75274 14.28683 16.87097 13.65565 10.68577 5.354113 4.111272 8.084688 5.781412 0.9674373 7.469152 13.81558 20.57539 20.12554 14.50703 13.25988 12.46056 10.93118 6.389643 3.436603 7.558342 11.72273 19.49534 17.90064 12.04837 12.88231 12.56944 8.966213 3.692152 7.276537 8.409761 3.281878 4.842368 6.829444 5.96931
3.469862 9.552594 15.66979 13.00091 7.329457 9.609576 8.483933 6.518958 3.864247 12.58814 16.61099 18.54947 21.64568 23.85282 20.01038 13.94054 20.23376 22.06778 25.38698 25.50083 24.4298 24.84357 25.09051 23.71865 21.51672 14.17098 11.77132 14.9919 14.27816 9.917928 14.22104 18.48405 11.35693 2.241241 11.21597 15.71194 14.46255 12.86909 10.32908 7.008732 13.86312 20.67799 15.9436 12.51595 12.12562 14.3622 13.05178 8.402054 8.450104 5.16074 7.801228 17.56962 18.16673 16.32962 13.10042 10.81329 10.45979 11.22696 11.89005 8.952915 7.334248 4.150372 5.158852
